Configuration : nrThreads: 32 ,nrServers: 1 ,read sharded: true
Times in queue ,20520.62745098039,25951.12,69593.13725490196,127537.94117647059,244760.6274509804,4574737.44
Parsing times ,4120.921568627451,3392.82,3131.901960784314,3815.549019607843,3373.607843137255,2924.28
Service times ,2077153.0980392157,2103891.24,2071507.3529411764,2173325.294117647,3595189.3529411764,5669053.66
Throughput ,676.3333333333334,1334.52,2605.1960784313724,4837.941176470588,6182.529411764706,5666.32
Times in get ,2071899.3333333333,2099402.84,2067028.3725490195,2168316.0196078434,3590394.274509804,5664862.1
Times in set ,0.0,0.0,0.0,0.0,0.0,0.0
Times in mget ,0.0,0.0,0.0,0.0,0.0,0.0
Times in mget only memcached part ,0.0,0.0,0.0,0.0,0.0,0.0
Number of gets ,676.3333333333334,1334.52,2605.1960784313724,4837.941176470588,6182.529411764706,5666.32
Number of sets ,0.0,0.0,0.0,0.0,0.0,0.0
Number of mgets ,0.0,0.0,0.0,0.0,0.0,0.0
Number of misses get ,29.607843137254903,58.28,113.29411764705883,207.54901960784315,274.3333333333333,252.08
Arrival rate ,676.3333333333334,1334.52,2605.1960784313724,4837.823529411765,6182.529411764706,5666.32
std Times in queue ,5445.060807597228,6869.231376186992,11380.347079100193,29053.58118746242,42648.678749504434,95937.70928420383
std Parsing times ,1201.0927165400224,438.16140395791064,407.04600501181494,1214.395064445265,842.0719227816915,581.9351615471418
std Service times ,74076.42047973294,46993.206956576956,55661.80190285741,91303.03370716532,253766.92614332732,196788.79787530735
std Throughput ,50.85220414757522,38.527615327932544,184.05868842386585,360.36017603307425,356.6919877396282,215.30959579363
std Times in get ,74158.17560017687,47063.809501031545,55579.691656201474,91170.30149330212,253828.11806512522,196565.18475883643
std Times in set ,0.0,0.0,0.0,0.0,0.0,0.0
std Times in mget ,0.0,0.0,0.0,0.0,0.0,0.0
std Times in mget only memcached part ,0.0,0.0,0.0,0.0,0.0,0.0
std Number of gets ,50.85220414757522,38.527615327932544,184.05868842386585,360.36017603307425,356.6919877396282,215.30959579363
std Number of sets ,0.0,0.0,0.0,0.0,0.0,0.0
std Number of mgets ,0.0,0.0,0.0,0.0,0.0,0.0
std Number of misses get ,5.7622163491925535,9.640560573082112,17.47603400963395,30.734549761133763,38.1353729058294,54.4676799879094
std Arrival rate ,50.839617097954886,38.527615327932544,184.03847636924655,360.3338843840447,355.70630317390646,217.01513536984427
Thread 0 ,2062222.6078431373,2094185.54,2064684.6078431373,2166146.4901960786,3597725.9411764704,5674967.64
Thread std 0 ,85925.55983246857,83476.93240068767,58987.754887969226,123850.8423833076,305894.66610259237,235810.36508010983
Thread 1 ,2084196.5882352942,2105826.96,2085535.843137255,2175276.117647059,3584077.68627451,5681403.74
Thread std 1 ,107636.10928386002,108714.40928638741,121852.38591104769,117236.36804381943,286761.9461065565,275667.3195596764
Thread 2 ,2090436.62,2116670.7,2088869.6078431373,2164339.5490196077,3612906.470588235,5703553.32
Thread std 2 ,147909.68899848367,98559.09594864538,116938.51496561403,96900.57758719785,252514.99503295662,225976.55722269526
Thread 3 ,2078259.9803921569,2101087.02,2070368.0784313725,2187308.5098039214,3616019.0,5686790.76
Thread std 3 ,121560.51305082423,134013.27200166194,90353.52418115038,151640.58012225782,260609.23970987677,253053.74870976256
Thread 4 ,2073620.88,2090679.78,2068429.9607843137,2174917.411764706,3595644.725490196,5684368.04
Thread std 4 ,170524.1969423766,53427.94381766216,67349.42755241823,108596.25645945196,285895.3392700258,287426.8495548368
Thread 5 ,2069938.42,2099727.94,2077841.7450980393,2179085.705882353,3583312.1764705884,5691813.84
Thread std 5 ,108916.26534760077,96500.32699308242,95028.26488805174,131235.93595815045,261149.1047851174,251777.10702786467
Thread 6 ,2092820.7843137255,2114368.96,2060391.2156862745,2175775.725490196,3586450.705882353,5701445.04
Thread std 6 ,143699.5077354566,131788.3298778703,66701.06753068161,119281.49373110289,257972.44995861818,243904.04347937778
Thread 7 ,2078610.4,2105054.68,2074488.3921568627,2179517.9607843137,3595742.588235294,5637557.4
Thread std 7 ,156106.28135435714,127821.93361165385,91135.33354765944,137699.73327105044,265983.09806400683,276240.6257193838
Thread 8 ,2082729.4117647058,2089913.78,2068997.7647058824,2181583.843137255,3569668.2352941176,5696070.74
Thread std 8 ,163198.29210775174,88202.43635704152,75620.7475529271,129469.94198923121,282859.0859794034,256815.56631518298
Thread 9 ,2150018.7,2100973.3,2084210.0784313725,2179278.568627451,3605455.6666666665,5709470.42
Thread std 9 ,321294.382223686,112455.99445574528,90230.24482153269,108669.89045918007,297239.5596410186,278141.8501885867
Thread 10 ,2102246.901960784,2147261.86,2056288.7843137255,2160532.470588235,3597088.9215686275,5677131.58
Thread std 10 ,272271.990176827,212968.7451456161,56053.70374357567,92395.20915163361,276694.81758311583,293620.0875067526
Thread 11 ,2048032.32,2117320.58,2069214.843137255,2169241.745098039,3599050.529411765,5669675.54
Thread std 11 ,81732.80754333548,117837.54256032637,85615.01006234188,104032.97458380071,289020.7357266501,240463.98150108787
Thread 12 ,2083678.1960784313,2084527.14,2059207.9019607843,2159221.2352941176,3619704.588235294,5640349.06
Thread std 12 ,170212.31139879627,76904.95591259887,71383.54437270676,97980.84058867597,302084.16288009385,268887.61161127663
Thread 13 ,2062678.34,2111550.76,2064179.2745098039,2180878.882352941,3601779.470588235,5730577.7
Thread std 13 ,94302.32883366916,112424.46231346554,57763.465298778065,145813.0176240307,280971.34965945216,269239.38551667717
Thread 14 ,2067915.6078431373,2134539.8,2065737.156862745,2185423.6666666665,3571181.725490196,5646061.92
Thread std 14 ,129952.16738755508,171259.91768725365,70546.3128469157,140063.6531437998,270753.64633452886,259123.72051737946
Thread 15 ,2060713.8235294118,2096883.88,2083172.5098039217,2161661.0392156863,3571235.7843137253,5730735.28
Thread std 15 ,102022.58404582896,93130.42235941192,96970.79325866578,105650.02279336446,248511.70006929763,263432.59582291945
Thread 16 ,2095470.5,2089861.2,2085578.3333333333,2161717.3725490198,3613541.411764706,5663506.3
Thread std 16 ,134680.1510338476,80477.8210618127,104104.02268378809,105607.36895159559,296855.07168193546,268101.8295971834
Thread 17 ,2061385.9019607843,2096302.62,2062155.294117647,2175978.0392156863,3630615.3529411764,5624497.94
Thread std 17 ,115969.36047374838,68616.13128950339,77883.6642849562,124285.33110982337,308303.3078046892,268759.8636494554
Thread 18 ,2055936.3529411764,2095228.42,2069874.2745098039,2187517.4901960786,3624378.0588235296,5672277.04
Thread std 18 ,90809.19505178394,86007.6893971245,90408.5331114444,132966.89609995,278600.3469210626,272184.3328625568
Thread 19 ,2073870.7254901961,2094046.24,2080249.1764705882,2153379.9215686275,3587057.0784313725,5681241.2
Thread std 19 ,139059.72550268873,95365.05341753329,93334.59612548946,108347.64531393253,263700.1483241784,270209.6150979601
Thread 20 ,2055810.705882353,2110081.28,2070738.862745098,2166054.3333333335,3588144.0392156863,5683833.8
Thread std 20 ,106670.50620641005,113341.76889661586,88509.06688831818,109882.87461905365,274428.84179961553,279256.08102570794
Thread 21 ,2056608.8235294118,2094456.3,2077241.8823529412,2158040.3333333335,3546916.294117647,5648874.1
Thread std 21 ,80924.0276552535,96219.508884262,94220.10969207098,102260.25407041912,298187.40787741484,287900.6196749043
Thread 22 ,2080254.6666666667,2127508.0,2065769.9411764706,2189243.8235294116,3595646.8235294116,5648984.66
Thread std 22 ,109303.78265872899,154656.272405774,68902.05888227487,144365.59906206265,272956.9008252186,259049.01978146756
Thread 23 ,2075878.7450980393,2091305.86,2072706.0,2189755.568627451,3596548.4509803923,5625975.32
Thread std 23 ,143428.67819203288,78368.75265782444,103428.90151867611,124472.38504218595,298561.6682728252,284378.5585579323
Thread 24 ,2085076.4117647058,2108803.4,2070969.0392156863,2171062.0784313725,3614787.7843137253,5657835.34
Thread std 24 ,255505.12975485847,80426.35161539573,75394.94393312083,109277.95437613995,295584.26619407965,307124.8302918212
Thread 25 ,2048104.7450980393,2108806.8,2071672.3921568627,2164872.882352941,3625562.745098039,5721658.46
Thread std 25 ,97248.05115082629,106095.11912795759,71912.38919938022,112339.26466425655,259292.14647743138,308085.3434335688
Thread 26 ,2065274.7843137255,2106625.38,2066278.1764705882,2166933.0196078434,3595719.68627451,5640192.6
Thread std 26 ,126391.07193473972,158461.73186491485,70625.52902844861,123407.6114778161,240294.43888750233,254743.8857257482
Thread 27 ,2075154.294117647,2090662.16,2066730.843137255,2161804.0,3601523.901960784,5683771.9
Thread std 27 ,109794.34783399264,87902.80375514022,75187.82221939202,113964.42816124688,238110.46639467616,232448.41548243756
Thread 28 ,2063545.14,2100872.46,2064065.3333333333,2179229.1764705884,3595212.843137255,5633162.58
Thread std 28 ,111255.30900040646,89752.81919924663,70348.13892113043,114301.25818707437,268458.1304402139,272055.8136648816
Thread 29 ,2091290.2352941176,2109671.28,2094886.7450980393,2199107.1764705884,3586108.7647058824,5623378.32
Thread std 29 ,129404.45286273393,112043.87689451242,112929.84014844669,129854.17401711903,277675.6818099553,206561.97061725392
Thread 30 ,2123841.705882353,2108039.72,2059435.8823529412,2173561.31372549,3617488.470588235,5704607.1
Thread std 30 ,212876.05407084132,115231.53892977427,74227.84705180315,120442.90514803935,283598.24956662575,268387.9117112857
Thread 31 ,2062378.9607843137,2081015.44,2066912.0196078431,2170920.862745098,3588266.8235294116,5714617.44
Thread std 31 ,106192.12003834575,51602.1546426274,84106.54505316223,105936.22859211473,269263.3901878015,282060.42664563336
