Configuration : nrThreads: 64 ,nrServers: 1 ,read sharded: true
Times in queue ,20540.64,20483.8,47646.06,99580.84,159777.6,247456.36
Parsing times ,3632.08,5400.54,3786.9,3806.82,3126.5,2901.16
Service times ,2145845.34,2153951.6,2137656.0,2092825.18,2065821.2,3550081.18
Throughput ,345.18,701.22,1379.0,2670.24,5156.9,6036.66
Times in get ,2140978.32,2147504.56,2132884.64,2087992.6,2061440.92,3546011.14
Times in set ,0.0,0.0,0.0,0.0,0.0,0.0
Times in mget ,0.0,0.0,0.0,0.0,0.0,0.0
Times in mget only memcached part ,0.0,0.0,0.0,0.0,0.0,0.0
Number of gets ,345.18,701.22,1379.0,2670.24,5156.9,6036.66
Number of sets ,0.0,0.0,0.0,0.0,0.0,0.0
Number of mgets ,0.0,0.0,0.0,0.0,0.0,0.0
Number of misses get ,16.48,33.76,65.44897959183673,127.12244897959184,247.28571428571428,295.2857142857143
Arrival rate ,345.18,701.22,1379.0,2670.24,5156.9,6036.82
std Times in queue ,4219.2727623685705,9846.032999982008,16376.027763864384,10596.09321220008,22241.010476603984,48932.97031811445
std Parsing times ,593.5240256127731,7326.682904010406,1939.7633271371337,1349.0777150425731,645.4592811893477,374.3931339855343
std Service times ,79704.52696374714,74567.66563467092,52877.82081904878,50135.484047133796,66301.94247469955,471560.4549622365
std Throughput ,42.40845603010256,25.860134002209747,42.38116639860355,78.05664086849671,178.3285491125059,326.6629424333034
std Times in get ,79627.57613208517,72977.89909089476,52780.528771686026,50126.51685526151,66369.55656201394,471571.7227231095
std Times in set ,0.0,0.0,0.0,0.0,0.0,0.0
std Times in mget ,0.0,0.0,0.0,0.0,0.0,0.0
std Times in mget only memcached part ,0.0,0.0,0.0,0.0,0.0,0.0
std Number of gets ,42.40845603010256,25.860134002209747,42.38116639860355,78.05664086849671,178.3285491125059,326.6629424333034
std Number of sets ,0.0,0.0,0.0,0.0,0.0,0.0
std Number of mgets ,0.0,0.0,0.0,0.0,0.0,0.0
std Number of misses get ,4.477791000582537,7.150167687487035,14.0461460083211,25.758196634810268,41.5436517412709,51.68333064602809
std Arrival rate ,42.40845603010256,25.880644410486394,42.38116639860355,78.01872093495592,178.46170914975866,326.06808416372803
Thread 0 ,2117069.6,2128278.04,2123356.56,2091719.26,2065824.68,3518924.76
Thread std 0 ,140328.09652164375,129051.51219902656,83962.46411031489,86126.59245002942,80232.44179218484,516389.4890726936
Thread 1 ,2184115.4,2182089.28,2116722.64,2083042.62,2070928.96,3576859.72
Thread std 1 ,272781.1271701254,295602.9064400375,99279.66410132458,67117.47672760965,105940.90017859689,543462.5696934778
Thread 2 ,2157482.94,2166615.5,2164777.84,2108272.44,2060246.14,3497367.94
Thread std 2 ,191919.6979623924,295907.40444979456,144010.0678660704,168211.07174341334,83769.3500714203,511004.4020057772
Thread 3 ,2144389.38,2156067.88,2136583.84,2086572.98,2080912.64,3536868.36
Thread std 3 ,187362.3403954073,246866.74777326448,112762.55139557271,89142.51478516903,107271.67875867558,539621.1483391734
Thread 4 ,2143128.98,2157606.64,2137086.9,2087350.46,2060675.92,3545727.02
Thread std 4 ,133456.75769166215,279047.0689144493,95053.44130717592,87917.22133016225,105290.9921545591,497868.0572642732
Thread 5 ,2110215.38,2142998.74,2150500.04,2088588.92,2074373.36,3542147.64
Thread std 5 ,145462.36098798751,139828.09508439648,128315.05995869091,81773.03186429609,136005.04649276956,559776.5855600754
Thread 6 ,2280863.0,2131305.2448979593,2112671.86,2091407.24,2074930.26,3602342.32
Thread std 6 ,1071341.2344720815,118212.71000149309,109012.25336518603,139760.2483078936,106631.1121362842,545117.1447303385
Thread 7 ,2137514.38,2119407.62,2117280.6,2127953.0,2074849.98,3540953.62
Thread std 7 ,181659.23901970964,111699.99845502528,113283.8567617484,173031.0524167526,109779.27905900037,503964.81201016845
Thread 8 ,2170453.46,2124572.88,2138232.48,2091866.5,2054716.6,3533742.54
Thread std 8 ,180428.1965108886,112601.77020514487,97660.37962019612,138754.93340275163,99124.76617611459,514621.423716947
Thread 9 ,2148288.94,2163859.24,2155138.56,2105217.3,2069899.12,3577584.14
Thread std 9 ,176321.3263404791,150451.63096308205,124613.23265242805,124181.78710693218,90904.11269262953,562213.6407122281
Thread 10 ,2133199.66,2133213.3,2147447.66,2080910.64,2072412.7,3537907.66
Thread std 10 ,168595.67515861185,104256.20430267947,135880.67664511796,81365.78097470004,130171.77591046251,522268.067662716
Thread 11 ,2142123.4,2120870.08,2143611.8,2114064.88,2072813.12,3572824.56
Thread std 11 ,272835.8893835529,100035.85026416832,114565.3910097831,141392.6653780881,114436.72201302931,469247.2278522124
Thread 12 ,2199186.62,2152230.12,2174578.1,2104618.7,2070637.2,3527141.9
Thread std 12 ,352083.964875431,155813.74391196328,229159.6297881074,132538.01869040274,110970.54393663138,491895.8347358717
Thread 13 ,2126456.74,2161157.76,2128659.38,2088851.86,2090926.16,3479280.96
Thread std 13 ,163594.37189408691,163356.16065424753,83412.85217638582,76851.87684269853,141137.64501717564,513797.6273177459
Thread 14 ,2141831.04,2135700.96,2134453.62,2099023.16,2070182.74,3563522.3
Thread std 14 ,193530.1744008696,114329.33718401914,129343.87019119355,131792.14541216491,109484.03978230557,559194.5253884906
Thread 15 ,2128742.6,2151690.54,2113854.56,2096926.88,2052013.86,3557566.9
Thread std 15 ,208012.66560564854,174758.8420101921,83020.13014757814,80318.34749693477,98775.9304354465,558164.8201418372
Thread 16 ,2130265.7,2147780.32,2141658.96,2077331.12,2078941.82,3531255.54
Thread std 16 ,157091.5922188293,131507.7503111338,132042.8320010424,69430.32027857359,127311.83061586559,527527.6920412963
Thread 17 ,2129712.04,2166309.1,2119312.14,2100778.48,2081400.42,3562472.86
Thread std 17 ,152395.97980770154,269022.8773582125,94165.73328413679,106537.56431270271,104743.65225870952,526890.4548594909
Thread 18 ,2183490.12,2135428.42,2179774.5,2078237.62,2071384.84,3594935.14
Thread std 18 ,330430.07881656283,127032.18235197612,156839.86887219377,67490.67121141216,97724.97607673469,530636.280476331
Thread 19 ,2117538.86,2191621.04,2192208.2,2083718.26,2063489.56,3563949.88
Thread std 19 ,153822.79618510546,172832.98758367976,231563.3576228135,107822.61708403016,78144.1092631885,572234.6431302403
Thread 20 ,2120351.58,2168580.92,2146796.86,2076748.62,2073194.04,3567508.08
Thread std 20 ,208083.35432078995,196027.91860228605,103040.60578119438,53733.31143975052,124801.4990238924,483052.2610483804
Thread 21 ,2098416.62,2139519.2,2130965.08,2105160.16,2072348.64,3614371.82
Thread std 21 ,151601.30661448798,123474.69156115537,88482.31161058493,93904.56843103416,112607.90436927234,530416.7176068685
Thread 22 ,2132062.82,2142988.32,2137659.76,2087259.8,2055101.26,3611406.12
Thread std 22 ,168818.45717300306,134010.84688271335,137511.3448479812,102698.82560682183,86160.68279645551,500336.7249730941
Thread 23 ,2129342.36,2156685.22,2121534.48,2103820.9,2048663.96,3604490.7
Thread std 23 ,169096.85738299967,196547.00771106922,69358.88593373583,152460.91808297654,71348.00879905623,539288.420892101
Thread 24 ,2155154.4,2145910.98,2156263.08,2140143.28,2064116.76,3596116.88
Thread std 24 ,192785.85153258234,210325.069431795,135431.5358234694,197168.6832517429,81923.93562312568,554364.1292508992
Thread 25 ,2145005.86,2110332.52,2120227.78,2099635.42,2082674.76,3540977.0
Thread std 25 ,195622.36915860337,95884.63311118701,76511.17538495502,117987.46369970577,99819.01685766605,574835.4814181398
Thread 26 ,2132949.16,2110364.74,2119374.5,2089643.02,2069073.66,3479706.88
Thread std 26 ,164053.50297180738,101689.30239440937,102414.92384597838,63970.578489371954,136620.68033160205,523059.29367577203
Thread 27 ,2118746.18,2128802.36,2134274.56,2093514.16,2073089.44,3522599.54
Thread std 27 ,158825.39566437897,112806.61795623916,98587.41827727288,95473.99006682396,133138.18710405167,493183.53642048186
Thread 28 ,2172796.92,2128586.76,2114499.26,2085349.92,2082634.7,3608272.46
Thread std 28 ,202377.16335613336,113937.32039466582,69086.50591411334,104538.80528415448,135773.00645356122,538159.923278642
Thread 29 ,2141765.68,2145135.38,2135396.7,2088373.46,2064220.52,3561133.98
Thread std 29 ,168665.17164796757,122436.53859338808,93655.59942514742,80396.79970714897,81874.46540376707,517321.4011283188
Thread 30 ,2132297.42,2164730.46,2135986.66,2073440.86,2045867.48,3585333.78
Thread std 30 ,165910.52638144133,416174.72444999457,98832.64286323127,79797.09165331116,78725.12454679102,573164.8556310682
Thread 31 ,2145336.84,2133354.36,2138101.2,2082021.8,2068113.02,3575549.96
Thread std 31 ,235183.28421574627,130772.85881654281,128171.60379724983,54324.25452966733,111219.30923006058,548028.8981669488
Thread 32 ,2140907.9,2116818.86,2149142.08,2074743.8,2066040.42,3614097.78
Thread std 32 ,169067.85530381167,98485.15330645697,234724.35488147388,64541.02441589427,98368.41848805138,515712.8703419552
Thread 33 ,2134707.44,2174209.04,2118404.98,2097811.94,2060185.9,3569113.28
Thread std 33 ,205058.55541922356,421409.6394326712,102613.37144189865,70909.43186174537,85998.51460445969,484523.5943819218
Thread 34 ,2155783.28,2118801.8,2158091.66,2100913.66,2058851.64,3562917.98
Thread std 34 ,234075.6767954034,101460.72931686527,115462.54696593885,137202.44810477423,103251.07580202696,487648.74605347874
Thread 35 ,2173074.26,2185871.98,2140511.94,2078618.84,2059904.54,3555620.98
Thread std 35 ,179612.85945086085,286748.82000806916,116976.89487880128,67403.01460567667,100221.00608160232,528297.7024055657
Thread 36 ,2148524.96,2128006.7,2107575.18,2095788.26,2057763.7,3525691.48
Thread std 36 ,210127.14722796206,117546.73787194918,69347.96438596553,103612.04830457603,95147.23185807932,516978.53022886906
Thread 37 ,2142814.36,2146094.3,2125499.12,2108791.72,2078762.54,3541293.96
Thread std 37 ,227527.49404643703,319798.2634992133,112474.54529125737,119839.2742079804,115807.02365365747,553875.5531518831
Thread 38 ,2184094.14,2133994.04,2107450.62,2101822.8,2064014.66,3632820.68
Thread std 38 ,416483.1138807877,109941.90772606844,78708.47480726143,130327.56537545646,94530.51978812268,581681.7767525275
Thread 39 ,2103276.32,2149209.8,2134890.0,2083586.24,2057227.12,3537124.86
Thread std 39 ,155770.66488616905,134270.60503296455,97027.90741864331,151235.42449514577,81136.17424860253,560002.7292056677
Thread 40 ,2089317.82,2131776.38,2171052.56,2088250.72,2051162.3,3577174.76
Thread std 40 ,166869.25669256816,154211.01253813336,241224.20686405044,87093.01925634057,120948.2512031995,491241.90519375505
Thread 41 ,2089500.92,2128720.78,2140790.76,2103449.8571428573,2069613.28,3481437.42
Thread std 41 ,142133.41445331118,112953.14928247094,139413.75032051548,154547.12391020628,110562.05190586094,516740.80468586134
Thread 42 ,2168001.66,2185891.28,2152651.28,2101703.16,2059217.9,3604499.34
Thread std 42 ,240233.35477190439,383657.4480932038,129886.21816837713,134338.1978353415,103558.86605157355,589567.2381250786
Thread 43 ,2141467.46,2186255.62,2118371.12,2076180.14,2046752.02,3553716.42
Thread std 43 ,253946.4250231718,340935.92190656764,82628.3889759495,62999.39744674921,90336.51737773804,496024.41482097784
Thread 44 ,2101312.04,2151283.86,2151438.84,2081562.46,2052605.76,3513552.8
Thread std 44 ,127983.43806563571,147473.6098085335,121143.96989943115,66481.63787865774,107047.08801738816,488720.1727146578
Thread 45 ,2173016.06,2133123.26,2127192.12,2095477.08,2073446.62,3562336.9
Thread std 45 ,254276.99694065834,125304.99717754961,99140.96974029724,111193.65984547051,116551.41809989937,584361.3305767229
Thread 46 ,2110052.58,2125426.06,2133109.4,2094194.72,2062826.96,3611255.8
Thread std 46 ,161295.76699306534,118381.40811582755,135631.04540357014,120456.11370647378,97719.24461643433,537871.129946039
Thread 47 ,2189712.1,2162428.72,2132660.3,2087590.16,2059707.84,3527634.22
Thread std 47 ,382195.6757903827,183515.16031753065,115390.77546820222,100439.92854303004,74989.12446899842,522667.8738744719
Thread 48 ,2121767.38,2153093.04,2152104.8,2089354.5,2070836.38,3516159.94
Thread std 48 ,156927.21703348038,139618.18863278668,167920.87337025313,106949.8200636301,101508.97686992605,480308.21283606207
Thread 49 ,2112606.88,2210354.48,2164591.64,2072535.82,2073993.72,3528639.34
Thread std 49 ,162283.92461320024,428345.28620877233,131938.8366306888,64879.61905814648,102662.27460435701,533707.8893510336
Thread 50 ,2143961.28,2245576.68,2122195.26,2103133.96,2059583.56,3506199.28
Thread std 50 ,175731.1275790539,482276.95567526924,79119.39459638431,131623.7319100045,101869.64105051925,555204.9481351887
Thread 51 ,2107441.56,2190516.02,2150694.02,2098231.9,2064622.16,3518727.0
Thread std 51 ,134740.63251331486,227952.3926007976,141164.3510617077,138632.7094389255,112687.71840443999,512611.79085474234
Thread 52 ,2210648.16,2132268.62,2161376.26,2098438.98,2047771.56,3575942.68
Thread std 52 ,439210.57639041246,131674.65596114277,137352.07008533558,86263.34349323729,84489.58474470719,572472.4909947839
Thread 53 ,2172666.0,2212903.0,2118489.02,2077001.82,2054592.64,3520912.44
Thread std 53 ,248425.0652939967,366142.2395593699,91199.32471654982,74460.03060338301,92625.19251388956,537243.041840779
Thread 54 ,2086896.96,2136697.34,2123731.46,2089599.48,2065302.82,3513197.4
Thread std 54 ,136196.71788382015,237068.2856790432,87111.33159897942,75997.41384166991,73592.10090200591,497712.8892134337
Thread 55 ,2142347.84,2162351.2,2150169.42,2080752.54,2071581.38,3568528.34
Thread std 55 ,150673.23014084462,174920.14213523903,127869.32413195453,82278.82272187885,106268.63419902467,553894.4188829289
Thread 56 ,2119296.16,2139068.44,2133608.56,2094026.16,2054707.86,3607526.02
Thread std 56 ,156653.11181199705,117482.4423961022,123409.621276787,84217.70385195933,79930.754072844,547123.1590870632
Thread 57 ,2172464.4,2146153.56,2141421.92,2103644.94,2064752.08,3571184.82
Thread std 57 ,216232.79140447552,107679.60222603698,116392.67598755729,172874.184964084,97781.1376196736,546367.9762776943
Thread 58 ,2155831.42,2271478.28,2118561.38,2074737.04,2065256.94,3576191.94
Thread std 58 ,169062.91525830352,529395.9994463478,70277.06131459908,66443.52263387582,106648.14534901244,598538.4340958351
Thread 59 ,2199180.78,2170734.94,2119597.0,2101385.22,2075501.42,3504389.42
Thread std 59 ,336859.48741764296,155373.13965542463,114515.70441236968,90307.06176294707,127979.49449943223,529111.4904358325
Thread 60 ,2173706.22,2131756.3,2144735.3,2074251.16,2060606.42,3483041.68
Thread std 60 ,181108.11515352046,134321.36540208186,114474.43758043602,52513.556466007634,109723.75929971054,516332.40492699225
Thread 61 ,2152825.86,2136865.3,2129787.08,2100705.6,2067553.12,3549797.4
Thread std 61 ,162240.96750104107,136003.06318147725,80290.09893640659,168796.2644310518,103105.01524345289,498561.0765378824
Thread 62 ,2238791.02,2155570.42,2132196.36,2122576.2,2049770.68,3523940.74
Thread std 62 ,974327.600097469,152787.6246387068,116630.76176038005,158113.16973688465,75870.27234276214,593168.9700735833
Thread 63 ,2166735.94,2230989.62,2162665.34,2076832.9,2069600.54,3518580.56
Thread std 63 ,247301.18070634324,581823.5031407857,154545.309291299,86857.82000446806,101773.61727698012,512969.8349183205
