Configuration : nrThreads: 32 ,nrServers: 1 ,read sharded: true
Times in queue ,20424.32,54353.48,110353.88,166526.92,352176.24,2981920.52
Parsing times ,3019.42,5008.76,4502.2,3640.96,4403.64,4266.26
Service times ,531577.06,661496.18,707528.16,907233.38,2556763.28,3679622.8
Throughput ,1818.38,2734.74,4880.14,7628.96,7653.14,7970.68
Times in get ,527384.58,653635.6,700770.08,902025.28,2550554.1,3673454.2
Times in set ,0.0,0.0,0.0,0.0,0.0,0.0
Times in mget ,0.0,0.0,0.0,0.0,0.0,0.0
Times in mget only memcached part ,0.0,0.0,0.0,0.0,0.0,0.0
Queue lengths ,0.0,1.0,1.78,3.0,6.26,12.48
Number of gets ,1818.38,2734.74,4880.14,7628.96,7653.14,7970.68
Number of sets ,0.0,0.0,0.0,0.0,0.0,0.0
Number of mgets ,0.0,0.0,0.0,0.0,0.0,0.0
Number of misses get ,2.558139534883721,3.9523809523809526,7.021739130434782,10.5,8.58974358974359,8.566666666666666
Arrival rate ,1818.38,2734.66,4880.1,7628.86,7653.14,7970.68
std Times in queue ,7290.581361550514,9721.432317077057,18616.203920065695,31410.27336803508,217247.27412850948,146770.03675933424
std Parsing times ,558.867042345859,2331.2773721980075,1565.4543188767266,764.4401435437732,1269.1918167696724,2620.8284856946607
std Service times ,34168.06086093161,51064.022473869365,69908.83155220294,112741.34289329388,140650.0555872464,134857.80918570247
std Throughput ,99.12101241432524,174.8323756969422,479.3332107613403,443.8512326610054,577.3569267068046,294.3586206500846
std Times in get ,34327.591620931824,50705.538388476925,69701.9759948404,112631.9962529298,140810.44058624288,133282.59415410916
std Times in set ,0.0,0.0,0.0,0.0,0.0,0.0
std Times in mget ,0.0,0.0,0.0,0.0,0.0,0.0
std Times in mget only memcached part ,0.0,0.0,0.0,0.0,0.0,0.0
std Queue lengths ,0.0,0.0,0.41845195759648024,0.0,0.44308749769345207,0.677329690921697
std Number of gets ,99.12101241432524,174.8323756969422,479.3332107613403,443.8512326610054,577.3569267068046,294.3586206500846
std Number of sets ,0.0,0.0,0.0,0.0,0.0,0.0
std Number of mgets ,0.0,0.0,0.0,0.0,0.0,0.0
std Number of misses get ,1.402418414253704,2.2626595720833786,3.4927806842417923,5.294651389216606,4.134055920470385,5.893791785361559
std Arrival rate ,98.92542852150436,174.51175154863188,479.93512529277945,445.42408180638506,574.9221423774861,295.1338983566335
Thread 0 ,532570.52,666683.24,703554.24,943234.18,2545954.02,3654571.52
Thread std 0 ,73991.73573026345,184920.11822787323,114291.93463974755,170891.7146820376,280321.2013722022,277124.44340995094
Thread 1 ,540998.66,659396.7,702303.62,875661.84,2505305.24,3782155.24
Thread std 1 ,75277.33185120964,137838.898453919,112590.67342475755,142566.5535118935,230732.28583082327,319866.89231109485
Thread 2 ,549045.76,665551.9,697164.22,922146.76,2519151.58,3684558.32
Thread std 2 ,107788.35601809726,162868.498512776,122170.2802639289,186993.08507847477,236025.12613980274,314110.1379649904
Thread 3 ,512674.62,670109.5,721473.72,921000.08,2579339.56,3737000.44
Thread std 3 ,44946.52809859688,185088.97897566753,144655.46071833684,171420.98783926482,241370.86468888406,289457.5873330315
Thread 4 ,532321.84,661886.64,681213.7,919348.38,2544130.1,3653698.26
Thread std 4 ,85600.86998207534,169603.99575514914,121114.45581868045,157974.93008959317,262580.1454266013,262527.3582893021
Thread 5 ,513173.04,644166.38,700821.42,895537.42,2592449.86,3686316.3
Thread std 5 ,84231.74641209227,118347.92583007623,126996.3770417013,166386.71019548748,256916.94151668184,296798.59311986057
Thread 6 ,524780.7,665191.54,698502.3,891472.06,2573127.96,3750080.0
Thread std 6 ,59099.07272425978,135987.92697796255,132153.99696044935,156736.51033325103,265688.9349728715,315838.277235069
Thread 7 ,524452.38,690363.14,704823.74,910807.1,2588912.42,3732580.62
Thread std 7 ,60069.855195936805,137608.99172982253,140853.1534685435,181098.76556530007,268126.01506937604,334224.7765188223
Thread 8 ,514787.08,668820.88,703663.9,900875.98,2578245.86,3712214.96
Thread std 8 ,42212.43931849899,117491.68706636057,153275.82702478775,138416.38037612513,271525.2800118446,287453.85730532935
Thread 9 ,538525.42,672917.44,691493.5,887729.2,2592749.14,3679780.96
Thread std 9 ,86343.40146682209,137112.4412209102,128484.67900187276,130448.68732985258,289614.3294093455,294320.7095816593
Thread 10 ,541876.44,692799.58,705641.96,928362.54,2621611.6,3703385.56
Thread std 10 ,87577.02718159434,135334.67181905388,120853.85508428376,213585.86303531227,340917.3713335529,271927.59899065574
Thread 11 ,513567.18,667451.88,729449.46,902328.4,2542752.62,3644569.1
Thread std 11 ,48216.84829409652,136874.82079528144,133917.07118780178,182938.6964372581,230851.51541548988,328269.4001604226
Thread 12 ,530259.26,645881.48,706036.22,875957.54,2564340.6,3687367.0
Thread std 12 ,71009.99485522571,115857.4081850476,153136.75716959662,147389.07514234117,284341.6356032845,337866.83528736886
Thread 13 ,547943.88,678269.98,708213.36,938155.6,2565775.4,3735400.08
Thread std 13 ,99001.8268540247,148975.5821415985,151747.21036762933,151503.00270399437,296593.90385178325,315135.8344596909
Thread 14 ,530349.64,645037.46,690009.98,916513.52,2562653.16,3725885.18
Thread std 14 ,65434.52099642069,129730.30347109519,123649.07293685,166073.34472359874,249118.35248235907,296933.107623049
Thread 15 ,529176.58,649638.52,721487.6,892813.24,2568064.28,3676581.92
Thread std 15 ,70367.85138001876,143641.2980991248,116327.55630230228,179661.42077530848,287545.6225576082,250646.40227903143
Thread 16 ,548996.78,629709.36,720541.88,910201.5,2537679.42,3646389.54
Thread std 16 ,100210.6341638553,130405.07870928137,90450.9482626797,178536.54767344714,252226.85490872402,265882.6086826404
Thread 17 ,528463.82,668744.2,717053.34,915165.58,2564641.56,3759852.86
Thread std 17 ,75572.88357705172,169682.00762963787,137388.63579546593,134272.1478428427,261101.20975271845,273405.8439081038
Thread 18 ,528152.34,695893.62,735971.22,919557.82,2641906.92,3726223.98
Thread std 18 ,71001.68581028517,168033.56857508305,112240.28119560721,198096.61541924128,279722.621133343,297745.603792936
Thread 19 ,540808.8,680195.28,718614.42,908410.7,2592689.42,3704470.44
Thread std 19 ,123927.9588482184,132504.0210978658,139953.30393254862,139935.52757336036,272291.6717753367,285313.3627211159
Thread 20 ,528605.42,662956.82,700905.6,940156.46,2600643.38,3645583.18
Thread std 20 ,45037.245287713966,120432.98221827502,146703.89991407865,180253.10654847507,327479.305365342,262138.0630984515
Thread 21 ,526630.9,644854.44,703303.22,897348.02,2540604.22,3673024.92
Thread std 21 ,56729.317670830125,125705.39092188075,101479.7696902155,161606.65540933466,267169.1748587507,289881.3427082192
Thread 22 ,525998.78,642535.7,702369.18,906857.66,2582213.92,3667599.44
Thread std 22 ,54715.00069592153,129108.22299777366,119189.49848698576,156149.9112612045,251369.2025875558,277887.39093396836
Thread 23 ,517951.84,648362.44,727675.8,899260.28,2630332.1,3730198.12
Thread std 23 ,57810.64955608375,139300.22332170155,129568.14159903882,131162.2588759061,308832.2066445613,308627.18080800254
Thread 24 ,527171.6,626494.8,687362.16,897030.6,2554018.22,3750376.14
Thread std 24 ,72676.69069577807,111630.7362050142,130235.3545272213,140148.65155969214,313685.8395504342,311846.90758153057
Thread 25 ,541495.48,621657.68,720272.38,906164.4,2606608.22,3751818.12
Thread std 25 ,77303.37415405382,118251.52683786942,148218.61447405233,160802.903913392,262880.85722540325,286245.4755762313
Thread 26 ,528503.44,691930.18,693197.62,908281.84,2569128.32,3684506.32
Thread std 26 ,91834.90244625218,163537.5671517273,119124.08048922633,147763.12274350677,256603.53116101827,292726.1596838986
Thread 27 ,527427.32,649200.22,696057.98,912377.4,2564210.48,3668243.14
Thread std 27 ,63387.201502382755,136936.97009227515,135403.85189626817,139431.47342588863,278320.329347923,292997.5181237095
Thread 28 ,544961.24,634707.8,719084.66,897647.36,2526164.6,3642814.18
Thread std 28 ,113670.84008960222,115994.15383614495,147257.13748497827,167063.40633470117,285017.62336217106,275476.42082738207
Thread 29 ,542791.82,680195.0,740114.62,906315.96,2594713.86,3617886.16
Thread std 29 ,94364.70208126186,161508.82549664623,176388.4463138556,145520.24218769607,244672.13600319866,235628.10528175064
Thread 30 ,535260.06,678551.78,690936.92,901615.58,2577123.74,3682740.68
Thread std 30 ,76482.16809016227,146894.506736636,119008.14485963658,177820.10669512293,290187.0226832829,283795.90460834163
Thread 31 ,542927.34,676284.62,710756.42,913556.94,2599541.08,3709910.4
Thread std 31 ,94687.59171658197,134273.74289752185,131808.69551989634,144379.545025505,323369.29063387366,261493.9857969969
