Configuration : nrThreads: 32 ,nrServers: 1 ,read sharded: true
Times in queue ,19129.18,48174.42,113906.96,188005.96,336192.66,1821475.42
Parsing times ,3177.66,6560.14,5075.74,4607.56,4923.42,4842.16
Service times ,513863.8,671706.38,792230.84,1293300.6,2209211.42,2777113.18
Throughput ,1853.14,2733.06,4395.0,6236.9,7794.44,9697.1
Times in get ,0.0,0.0,0.0,0.0,0.0,0.0
Times in set ,509345.3,663206.7,785255.0,1286850.24,2202399.64,2770339.74
Times in mget ,0.0,0.0,0.0,0.0,0.0,0.0
Times in mget only memcached part ,0.0,0.0,0.0,0.0,0.0,0.0
Queue lengths ,0.0,1.0,1.5,3.0,6.04,11.92
Number of gets ,0.0,0.0,0.0,0.0,0.0,0.0
Number of sets ,1853.14,2733.06,4395.0,6236.9,7794.44,9697.1
Number of mgets ,0.0,0.0,0.0,0.0,0.0,0.0
Number of misses get ,0.0,0.0,0.0,0.0,0.0,0.0
Arrival rate ,1853.14,2733.06,4395.06,6236.72,7793.86,9697.84
std Times in queue ,4310.237186001698,11374.613715961828,19902.848805379497,28284.018522732687,61807.80666418396,285191.92417825136
std Parsing times ,978.086169777594,3820.947392990383,1820.3571393256539,1431.1644774911977,1918.1946240979742,1922.3067176532193
std Service times ,58744.61326064593,65991.89668804273,100783.88221790553,231343.88286263196,317562.39337060833,300599.05154301267
std Throughput ,130.96408761526175,210.3313624755384,346.02205898775077,534.4338698328258,649.166314968511,948.9268320861526
std Times in get ,0.0,0.0,0.0,0.0,0.0,0.0
std Times in set ,58641.72514837495,64281.04967751271,99947.6560911883,231498.48300579,317293.7070145114,300376.91704914917
std Times in mget ,0.0,0.0,0.0,0.0,0.0,0.0
std Times in mget only memcached part ,0.0,0.0,0.0,0.0,0.0,0.0
std Queue lengths ,0.0,0.0,0.5050762722761054,0.0,0.34758643030275527,0.7782764841072132
std Number of gets ,0.0,0.0,0.0,0.0,0.0,0.0
std Number of sets ,130.96408761526175,210.3313624755384,346.02205898775077,534.4338698328258,649.166314968511,948.9268320861526
std Number of mgets ,0.0,0.0,0.0,0.0,0.0,0.0
std Number of misses get ,0.0,0.0,0.0,0.0,0.0,0.0
std Arrival rate ,130.92122728993203,210.03473085007943,346.48193462344926,534.3650834859811,647.3443713372665,945.6016411118742
Thread 0 ,512800.78,630729.12,813362.82,1291337.78,2181053.44,2826161.8
Thread std 0 ,78520.44522425937,123027.40978959251,190876.4364390241,305792.54377298785,340171.9511450091,381679.3782033206
Thread 1 ,506338.2,702249.52,811712.18,1348774.22,2215597.14,2754582.58
Thread std 1 ,73226.94682635761,151372.2857253734,194280.5352547838,316282.8811698051,339007.9257770135,315047.23772787285
Thread 2 ,522619.98,689993.06,769374.14,1293661.7,2195104.9,2814919.32
Thread std 2 ,104831.11128712444,174269.0433633933,156265.78525691282,310616.9396464996,323791.37978720193,315070.0236802205
Thread 3 ,514044.1,660546.82,830188.3,1310235.16,2241272.66,2774658.58
Thread std 3 ,73084.37134565634,123954.53599486238,156769.10075496515,337785.38517534395,375491.5103538028,355105.4043181585
Thread 4 ,501001.5,669755.36,781546.06,1309142.6,2199431.82,2797895.98
Thread std 4 ,79918.02360588899,183591.39474206613,133765.50879612472,291575.82579822757,348590.94279121613,346522.93275970547
Thread 5 ,512330.64,683228.64,774571.8,1298617.0,2224863.14,2777088.64
Thread std 5 ,82521.56716555737,159765.92988618807,169719.70336963693,323854.7992849857,334663.42098890996,282600.0149987546
Thread 6 ,517861.16,660930.12,795206.02,1298502.8,2180741.02,2803757.22
Thread std 6 ,160051.48448691028,179983.40326871639,210770.09095283158,272342.0793473247,365117.6841843495,324643.4528004147
Thread 7 ,510759.9,669426.28,793382.46,1270494.42,2234582.72,2720411.52
Thread std 7 ,89318.64978718679,128489.88815737804,155973.62499188964,296961.83048015804,370502.7966393688,373851.4253922348
Thread 8 ,512674.2,644453.08,798523.74,1277997.34,2216798.72,2766529.72
Thread std 8 ,90409.84679259901,133465.72871162125,192079.9520246404,298250.9951219083,383811.53229433333,373311.64079632243
Thread 9 ,531961.74,670143.76,789385.98,1330790.04,2267357.56,2808260.32
Thread std 9 ,92848.27288334888,126469.05460900832,167695.02364715535,370000.35297600145,391918.5640881336,394033.04471607716
Thread 10 ,514349.34,628160.92,782411.62,1289624.92,2231372.54,2807693.4
Thread std 10 ,93373.44668316728,122152.71955385042,167213.92476788894,270313.6081157678,346872.8988010761,359846.41198626364
Thread 11 ,499604.7,687539.28,761591.94,1277050.12,2220052.1,2793672.54
Thread std 11 ,87104.80102920122,153354.03644256035,142529.78685393793,295774.7634228148,376577.68827033637,413682.47438502236
Thread 12 ,505346.6,679964.64,785238.16,1283896.1,2222174.44,2832183.12
Thread std 12 ,83540.34057011873,146372.62680510635,172989.15303040808,289771.1593182152,343972.96083393483,340007.8330800954
Thread 13 ,522652.54,692280.1,833243.2,1257809.48,2200398.12,2833180.62
Thread std 13 ,111279.68395695412,165821.81050499078,186264.81990369278,261648.5848914992,365396.24091973226,383120.64127815305
Thread 14 ,500724.32,656814.28,787948.04,1237190.32,2220682.06,2778993.16
Thread std 14 ,74033.93592473492,140550.53254606054,180727.29119909267,247597.66216861762,342150.3624449947,332811.0455527777
Thread 15 ,508135.98,679745.26,798785.16,1302356.64,2226670.26,2756760.34
Thread std 15 ,79925.99467657821,160899.80305245487,163383.71245084002,327267.6898148758,379958.43939212395,337189.1801676123
Thread 16 ,519214.94,661127.58,776598.14,1311459.72,2219742.68,2793419.4
Thread std 16 ,107735.32522209515,144224.40362951547,154008.60047890118,264023.6048105254,365700.27595952817,404098.46094116766
Thread 17 ,504573.66,631593.4,783559.34,1269509.84,2196255.72,2815426.52
Thread std 17 ,79038.89682795429,112458.38946463529,146428.7541833856,272406.2641152717,336924.28335870523,366326.8793300367
Thread 18 ,530229.52,679858.36,804128.42,1311327.6,2183128.22,2778394.74
Thread std 18 ,119727.38656772027,169774.3383918735,201898.30275773164,318175.0343781721,353415.28854392143,312743.462529876
Thread 19 ,493417.7,655303.46,794041.6,1323652.76,2224011.88,2786795.76
Thread std 19 ,66197.32831412891,144553.05450026126,149161.7220956188,326859.71836451336,343417.7404020393,331342.5509633196
Thread 20 ,519130.84,692336.52,762865.22,1313669.74,2208677.56,2792200.78
Thread std 20 ,101758.94313791445,130686.83284005662,156324.12417471406,327187.45838956116,345813.2301751478,377625.57050879573
Thread 21 ,526199.86,725010.22,807677.92,1317991.78,2209013.68,2804937.3
Thread std 21 ,113324.49794897907,167814.49096149267,150207.92565393736,310115.77790996985,356385.9685872825,422454.5178145555
Thread 22 ,521574.08,659421.96,795652.36,1273214.92,2216019.84,2773713.54
Thread std 22 ,92905.731210451,143888.30121978902,157418.22549200404,307506.17902441823,386395.6793836355,344268.12589200324
Thread 23 ,509043.82,708120.44,791654.44,1266930.02,2223082.34,2804147.56
Thread std 23 ,87726.36182940727,171416.77413123127,180110.11578772517,290164.6450064761,360204.03164848225,373959.49028269935
Thread 24 ,520677.48,667127.06,768801.56,1317883.6,2238877.18,2798543.78
Thread std 24 ,134632.1574772884,135562.13657128543,138067.83888307685,285858.65480402607,392148.16219647013,338473.1948305321
Thread 25 ,504217.74,680415.68,790298.78,1272733.74,2226706.78,2777143.04
Thread std 25 ,86684.4257392719,136694.1721192418,144997.72145293333,264887.7632336591,331467.52872736123,371617.9542661763
Thread 26 ,510365.94,650899.5,768022.74,1281772.46,2220232.82,2745602.94
Thread std 26 ,82031.89867099113,156258.64099995577,158450.33855178702,292711.3279303404,377276.0006033416,356546.8056678325
Thread 27 ,527461.46,671099.12,807203.68,1280952.18,2249021.48,2788896.94
Thread std 27 ,81483.10875072231,145256.85399300265,168757.82158568085,266841.5705897484,361402.3104072857,317253.39969194715
Thread 28 ,514417.36,658080.42,812564.82,1335611.74,2240291.2,2803671.26
Thread std 28 ,83050.05487834627,111302.0941257584,166479.77203309545,356399.9707808693,352912.91786067956,330039.48845807184
Thread 29 ,518170.46,682166.42,798057.02,1267618.66,2227437.62,2763812.84
Thread std 29 ,100156.10375038334,124778.66358216299,182344.03492876218,316610.85400784336,351386.09829429124,353312.54366182676
Thread 30 ,524485.48,677150.28,813114.48,1290466.32,2187800.36,2737874.4
Thread std 30 ,126494.86368329228,149536.4428819863,203364.97074383887,299038.8083286686,326347.06269989215,326984.4206982145
Thread 31 ,507357.68,693192.84,779469.66,1335257.98,2177941.48,2797119.98
Thread std 31 ,68307.68138101757,128293.3688383474,168465.59215140296,327813.22204245627,351834.8055751907,343792.29067524814
