Configuration : nrThreads: 32 ,nrServers: 3 ,read sharded: true
Times in queue ,93695.82352941176,135965.6862745098,192755.86274509804,405103.92156862747,1923456.2156862745,9349168.96
Parsing times ,7002.607843137255,6725.78431372549,7733.901960784314,8602.196078431372,10226.960784313726,11137.6
Service times ,2411485.705882353,2554853.882352941,2931074.882352941,3979677.6666666665,5755769.450980392,5954010.52
Throughput ,928.0784313725491,1700.9411764705883,2983.470588235294,4226.235294117647,5038.490196078431,5325.48
Times in get ,0.0,0.0,0.0,0.0,0.0,0.0
Times in set ,2402584.117647059,2545504.843137255,2920594.9607843137,3967593.0392156863,5741411.588235294,5937495.02
Times in mget ,0.0,0.0,0.0,0.0,0.0,0.0
Times in mget only memcached part ,0.0,0.0,0.0,0.0,0.0,0.0
Queue lengths ,1.0,1.0,2.0,3.392156862745098,8.529411764705882,44.96
Number of gets ,0.0,0.0,0.0,0.0,0.0,0.0
Number of sets ,928.0784313725491,1700.9411764705883,2983.470588235294,4226.235294117647,5038.490196078431,5325.48
Number of mgets ,0.0,0.0,0.0,0.0,0.0,0.0
Number of misses get ,0.0,0.0,0.0,0.0,0.0,0.0
Arrival rate ,928.0588235294117,1700.921568627451,2983.392156862745,4225.862745098039,5038.176470588235,5325.48
std Times in queue ,14683.783220554413,39075.95961482722,39422.06921104959,106584.0185721749,268176.9292616584,1141273.9859707793
std Parsing times ,2244.9982902303636,668.5962702177,1141.6369169732022,1593.5865589243385,2706.9735348598024,3245.644510064879
std Service times ,106068.99711080408,158989.86943898624,188896.6584686608,406546.11371246265,432016.46427465294,464086.56801824004
std Throughput ,58.411588965634174,131.82813231851625,208.42728736335619,369.7372357897048,382.3664406063387,386.5229216742415
std Times in get ,0.0,0.0,0.0,0.0,0.0,0.0
std Times in set ,106092.68589071481,158820.28685320684,188927.23393168714,406246.935079735,431750.227603654,464108.8680690626
std Times in mget ,0.0,0.0,0.0,0.0,0.0,0.0
std Times in mget only memcached part ,0.0,0.0,0.0,0.0,0.0,0.0
std Queue lengths ,0.0,0.0,0.0,0.5321064319306438,0.6435197332318748,3.1490847390753958
std Number of gets ,0.0,0.0,0.0,0.0,0.0,0.0
std Number of sets ,58.411588965634174,131.82813231851625,208.42728736335619,369.7372357897048,382.3664406063387,386.5229216742415
std Number of mgets ,0.0,0.0,0.0,0.0,0.0,0.0
std Number of misses get ,0.0,0.0,0.0,0.0,0.0,0.0
std Arrival rate ,58.49937154011345,131.89690567064184,208.94995366655363,369.1809864880825,382.07008288440244,381.95358410173776
Thread 0 ,2398879.411764706,2607133.1960784313,2881547.0392156863,3988200.470588235,5800999.509803922,5842984.12
Thread std 0 ,172605.38828810377,267832.2136346575,229287.9784796369,485022.3227928114,535267.9606354324,584215.0609959972
Thread 1 ,2463067.117647059,2555535.6274509802,2847728.4901960786,3967946.156862745,5774093.68627451,6074767.66
Thread std 1 ,202255.21339848297,247300.755588976,264240.5086027025,433874.0093766102,497750.14733729564,566949.0317796315
Thread 2 ,2430663.5098039214,2521645.31372549,2904796.3921568627,3989559.5490196077,5825755.62745098,6025920.3
Thread std 2 ,214910.63220049144,250086.49093523543,273993.37456756714,432261.6244796345,600010.6854415498,652010.0712350451
Thread 3 ,2389827.5490196077,2544991.0,2905157.31372549,3978588.3333333335,5753095.901960785,5900456.28
Thread std 3 ,192409.52534251663,238309.11088986925,289866.94114510476,395323.2798839789,526317.9886380952,642786.8165587374
Thread 4 ,2431088.9215686275,2545612.7647058824,2916369.7843137253,3998035.6470588236,5671279.215686275,5958950.02
Thread std 4 ,188729.82883930596,227599.3886389494,254111.80536427768,489905.48001514835,554766.4230636284,587904.2036470023
Thread 5 ,2383401.9607843137,2597194.6274509802,2952622.843137255,3993275.31372549,5828509.568627451,5865231.46
Thread std 5 ,218753.3571555839,293437.15433155093,294121.21829146385,468411.7722937155,565066.4317989966,585246.616209772
Thread 6 ,2464205.0196078434,2571381.0196078434,2961116.725490196,3935698.8235294116,5772886.333333333,5920310.52
Thread std 6 ,262705.45236256445,253562.9288134596,300256.0284619164,373776.5384715689,552057.6112216067,620959.0904479692
Thread 7 ,2391396.274509804,2519491.705882353,2965728.0392156863,3933683.1960784313,5832263.568627451,5962451.54
Thread std 7 ,224156.25212633068,233329.2285040427,285146.0837411561,417159.7156810336,550431.2034058846,643268.4464345303
Thread 8 ,2438387.117647059,2582875.31372549,2937337.9411764704,3974250.098039216,5767149.294117647,5922454.3
Thread std 8 ,205981.65767578888,295731.79184473824,312632.9815578908,437630.20039440866,532645.7677906507,597459.1253637511
Thread 9 ,2404547.68627451,2519144.568627451,2925449.588235294,3990265.2156862747,5771608.549019608,5915518.44
Thread std 9 ,206168.57549262838,226871.3025210773,258340.34854835793,454505.57908951194,524696.9562800727,611111.730041715
Thread 10 ,2426359.7843137253,2569131.843137255,2940631.137254902,3959705.274509804,5813229.294117647,5908192.74
Thread std 10 ,201289.65413386887,263218.1392775485,272634.66104529117,358961.193554851,497906.61773711315,634466.4255188011
Thread 11 ,2414374.7843137253,2554614.843137255,2926397.6274509802,3954441.705882353,5702216.647058823,5944108.98
Thread std 11 ,204455.57604206481,262696.8572606359,257723.84018735724,437095.4760402031,483894.07476346823,588282.7261543304
Thread 12 ,2356214.8039215687,2508505.3921568627,2923421.9607843137,4011247.0,5761782.235294118,5967854.42
Thread std 12 ,174211.95784170725,240079.8058216541,264174.8373468572,548584.5022180266,566561.0392354416,595233.9603419233
Thread 13 ,2395345.7843137253,2574693.254901961,2960833.7843137253,3989628.745098039,5765402.647058823,6157408.88
Thread std 13 ,207764.75942212276,264783.67664762447,295229.3717340681,442140.24811350723,561015.5694646566,612437.6006631752
Thread 14 ,2417207.8235294116,2547793.0,2944648.254901961,4030828.588235294,5754076.294117647,6038444.7
Thread std 14 ,167583.5256267997,261575.09215642072,298242.1546775601,433371.3123856805,587161.2104617025,595114.1914324133
Thread 15 ,2453850.4901960786,2546452.568627451,2997175.1960784313,4005720.098039216,5772496.549019608,5960183.18
Thread std 15 ,221886.66230743774,247423.3153992772,293362.62328401825,459121.44137682166,566158.0930741276,657978.958878073
Thread 16 ,2427802.6274509802,2589052.6666666665,2951328.470588235,3973947.705882353,5776669.137254902,6140339.34
Thread std 16 ,248387.08660290382,283519.30097096856,230294.16546307493,491586.23337373044,518679.329287336,587053.8355664931
Thread 17 ,2386561.0784313725,2569257.5098039214,2951888.098039216,3938380.8235294116,5845331.980392157,5917845.44
Thread std 17 ,173858.33238655466,223394.3372550318,259587.66021483034,475550.2840040664,631018.8188988817,570948.5245365789
Thread 18 ,2470294.843137255,2523397.098039216,2915460.156862745,3974411.901960784,5683094.411764706,6113658.02
Thread std 18 ,241656.63435961137,190828.81535997175,215444.825215123,482465.80757194624,551312.1141757063,703260.2589309394
Thread 19 ,2389190.6666666665,2579600.588235294,2947922.3333333335,3961851.7843137253,5807200.05882353,5994819.74
Thread std 19 ,190557.34490191308,278445.3815399477,290515.6223286222,452114.2861734548,601586.8039886651,636009.6684162043
Thread 20 ,2425097.3529411764,2558369.156862745,2976291.4901960786,3985775.5098039214,5677493.68627451,6009546.62
Thread std 20 ,283202.0525655013,287129.33948333265,273681.8424890751,458470.62350429274,573195.2037534679,633064.1045720954
Thread 21 ,2380460.882352941,2538893.6078431373,2920569.8039215687,4031543.9215686275,5831578.31372549,5898911.92
Thread std 21 ,189239.58833517335,238856.77400049413,301287.554501212,449881.5871052222,559966.7835470418,648575.1112193383
Thread 22 ,2396439.1764705884,2526578.4901960786,2949704.6078431373,3970055.274509804,5732799.862745098,6067935.72
Thread std 22 ,209927.65121600407,266032.2376674957,332010.6259044176,453023.31095770694,630913.0947209456,631188.7659389644
Thread 23 ,2402239.7843137253,2570541.7647058824,2888495.3333333335,3964989.3529411764,5751589.156862745,5927510.28
Thread std 23 ,183887.74661562566,314058.69007334206,239196.1425471294,456861.0562387573,603811.4280435696,689055.0562809983
Thread 24 ,2391602.9803921566,2556664.0784313725,2900987.6666666665,3978049.0392156863,5755969.68627451,6085796.2
Thread std 24 ,201103.35846907084,271865.89840109355,248108.90126181825,428101.57875882497,531334.828768169,670199.8044918685
Thread 25 ,2388922.6666666665,2608168.705882353,2900768.745098039,4005525.6078431373,5783963.333333333,6044614.8
Thread std 25 ,197584.77628417296,316915.98459637805,304518.27215882094,428825.0554921939,573413.1201201684,656571.8136451996
Thread 26 ,2374937.274509804,2552115.6274509802,2925655.470588235,4007235.274509804,5809149.156862745,5844814.68
Thread std 26 ,194111.65244714994,249947.9384179802,244902.85030806425,460534.9249684361,607514.512153689,586213.8359155245
Thread 27 ,2459679.431372549,2556173.0392156863,2954582.705882353,3971442.2352941176,5833589.490196078,5901052.9
Thread std 27 ,230038.2629346914,266674.19535702816,241237.33862404418,437486.6546916643,505538.2652005432,628826.64577541
Thread 28 ,2363917.6666666665,2562859.9803921566,2930786.117647059,4007500.0588235296,5827644.333333333,5989891.0
Thread std 28 ,150627.4967484578,290833.07779105805,300612.1681878927,473277.6319644702,577110.2741532391,585451.0062875127
Thread 29 ,2413104.9803921566,2500975.3921568627,2945135.156862745,3985045.68627451,5842895.2549019605,5971770.92
Thread std 29 ,207874.27258691637,204628.09350986767,318505.7320729643,466715.7483386859,565635.0741567161,641150.540674734
Thread 30 ,2413403.0,2561087.3529411764,2929059.6274509802,3982120.0,5828121.882352941,6011702.66
Thread std 30 ,206567.01255273068,278016.12217724515,229049.26187830954,420704.20187143364,547928.244098099,741876.5435090141
Thread 31 ,2412511.745098039,2537177.745098039,2947738.9803921566,3985960.6274509802,5730156.764705882,6237579.92
Thread std 31 ,238240.04325040255,223836.039018103,312054.4493200179,404150.3949415346,584541.6967886068,770992.2884152005
