Configuration : nrThreads: 64 ,nrServers: 1 ,read sharded: true
Times in queue ,127993.72,168524.22,230858.18,366614.48,810554.84,2130379.84
Parsing times ,11262.2,12603.52,8123.5,8616.88,9205.76,11106.36
Service times ,2567091.28,2591717.16,2578047.28,2816244.9,3738750.9,5042703.54
Throughput ,814.72,1596.0,3136.88,5666.5,8069.94,10477.2
Times in get ,0.0,0.0,0.0,0.0,0.0,0.0
Times in set ,2553344.8,2576570.2,2567156.68,2804715.6,3726026.82,5027580.12
Times in mget ,0.0,0.0,0.0,0.0,0.0,0.0
Times in mget only memcached part ,0.0,0.0,0.0,0.0,0.0,0.0
Queue lengths ,1.0,1.08,2.0,3.56,9.6,24.98
Number of gets ,0.0,0.0,0.0,0.0,0.0,0.0
Number of sets ,814.72,1596.0,3136.88,5666.5,8069.94,10477.2
Number of mgets ,0.0,0.0,0.0,0.0,0.0,0.0
Number of misses get ,0.0,0.0,0.0,0.0,0.0,0.0
Arrival rate ,814.72,1596.02,3136.9,5666.6,8069.82,10476.96
std Times in queue ,29929.24946728704,21752.591458368675,39417.19511174207,64138.56754897389,136165.58381353196,273756.35467486747
std Parsing times ,7366.930247077552,6187.24661403254,1456.727437282147,1163.2309444835455,1102.0715292167765,2321.2613369213113
std Service times ,69272.91013559842,94607.91452316691,69731.58043235124,161109.4913016598,251573.45280926907,249737.76524760068
std Throughput ,19.886453188242577,50.60854166833815,88.85591179670877,267.78976295380886,438.72223605393344,458.1914313418596
std Times in get ,0.0,0.0,0.0,0.0,0.0,0.0
std Times in set ,67812.08928339837,91768.9057759006,69428.28037518064,161087.6929438099,251205.12484248847,248526.6726030189
std Times in mget ,0.0,0.0,0.0,0.0,0.0,0.0
std Times in mget only memcached part ,0.0,0.0,0.0,0.0,0.0,0.0
std Queue lengths ,0.0,0.2740475156178698,0.0,0.6114552731152199,0.857142857142857,3.0538700772920238
std Number of gets ,0.0,0.0,0.0,0.0,0.0,0.0
std Number of sets ,19.886453188242577,50.60854166833815,88.85591179670877,267.78976295380886,438.72223605393344,458.1914313418596
std Number of mgets ,0.0,0.0,0.0,0.0,0.0,0.0
std Number of misses get ,0.0,0.0,0.0,0.0,0.0,0.0
std Arrival rate ,19.85872552788413,50.72071991377319,89.70592545213772,266.60779111967884,433.6299885141427,459.5073653114933
Thread 0 ,2538941.18,2631417.4285714286,2581387.26,2844437.4,3765073.84,5010478.54
Thread std 0 ,127214.28377439479,262040.9813737793,155457.5632120515,211388.31981141694,314244.93420743494,326304.05520450784
Thread 1 ,2546341.0,2562207.16,2569055.1,2772647.86,3770565.36,5071843.02
Thread std 1 ,169259.8906767884,122179.09925360743,132160.0619051978,131382.99852674225,353794.92104289075,347700.27542067296
Thread 2 ,2561666.04,2535169.74,2584969.1,2790498.56,3750752.3,5084198.98
Thread std 2 ,172194.88524698652,145570.91490780117,157073.86993428494,166015.4643934162,270161.66804683255,387084.50961549074
Thread 3 ,2595184.0,2598700.897959184,2582205.06,2805715.4,3788344.54,5077479.32
Thread std 3 ,224375.22232535173,175360.4174436472,148863.72313786094,217468.29621396324,351448.70375540655,338576.90706504515
Thread 4 ,2596395.7,2621814.04,2555599.16,2809659.48,3738302.72,5012996.38
Thread std 4 ,170252.40609277022,210989.3744208181,98274.16078156463,213057.22034187365,362419.60290029814,295324.71777342766
Thread 5 ,2579445.16,2588579.28,2600376.62,2796878.18,3781788.82,5035118.88
Thread std 5 ,215747.56027777144,165059.59921959174,157820.68579347272,179919.03393841992,328102.82008240675,337769.15676627064
Thread 6 ,2573876.7,2598762.32,2585865.2,2783950.34,3755261.24,5089603.26
Thread std 6 ,188500.4472298327,180356.6661492359,189075.24112395477,168280.22311167375,324920.75811669044,307719.6563411024
Thread 7 ,2549780.9,2584212.14,2574338.66,2811556.02,3757241.9,5102344.56
Thread std 7 ,147515.36815992137,182686.99263326923,134371.77356637007,148190.56150691342,343100.0722204583,360180.61577617476
Thread 8 ,2582975.3469387754,2586901.36,2585721.48,2790854.2,3754128.02,5023255.92
Thread std 8 ,249132.26939741525,196254.80787650344,158729.99323163825,200048.72651911178,261175.78277947014,283942.031298201
Thread 9 ,2542378.2040816327,2602767.9795918367,2559197.64,2787579.88,3727308.76,5013890.28
Thread std 9 ,125209.27545746154,188063.93537465853,139856.23477142229,181379.13968660976,294988.5902172309,323651.3357907619
Thread 10 ,2588476.2040816327,2598416.38,2569608.16,2842288.54,3721234.5,4972788.94
Thread std 10 ,255774.73991360865,170024.8168639748,135431.73179892334,222043.81763849666,319699.7540821285,304887.1700775457
Thread 11 ,2551931.12,2572344.12,2583235.02,2807717.42,3692470.0,5011515.84
Thread std 11 ,154281.9184877833,132632.92071693088,119337.0808935063,208137.41284183742,198454.01376456287,266238.52441038424
Thread 12 ,2545666.14,2576860.06,2564475.0,2786413.0,3791673.42,5003166.74
Thread std 12 ,126337.20741164038,146569.95140642585,117645.39051396647,183341.68363000738,377904.8590645205,240129.50456689668
Thread 13 ,2583833.84,2576121.1,2591837.96,2822624.76,3739426.14,5034565.54
Thread std 13 ,152600.39400200025,143507.63732179438,133495.38483300706,203510.4084118088,337633.7404980952,371259.19710343354
Thread 14 ,2607874.92,2592836.32,2539200.54,2808943.04,3714024.54,5043004.82
Thread std 14 ,360922.2727693788,192470.11234808186,123924.51532188323,237949.14480893707,307227.0283639698,318503.94950556016
Thread 15 ,2570759.16,2570995.6,2582146.6,2803012.44,3694404.76,5032854.94
Thread std 15 ,176938.9809268813,160511.90497522452,118593.5563684741,186297.15501986694,294643.9132255055,323701.18678216176
Thread 16 ,2530817.44,2590036.92,2567291.32,2831357.54,3665527.08,5050622.08
Thread std 16 ,117596.83902651013,189595.0719469388,119090.13391055654,234245.36488409335,184908.91256318495,340615.7213395573
Thread 17 ,2581405.94,2577775.04,2589663.28,2802535.1,3772693.28,5067828.78
Thread std 17 ,189526.42444179178,156905.23224453875,147603.988402233,212703.3512861928,383482.5943264552,328925.1174608971
Thread 18 ,2544272.7,2575067.4,2562047.22,2806564.82,3717368.44,5045963.56
Thread std 18 ,130512.68458381934,139697.47272997772,123117.26681970604,213733.33745530495,297431.214915051,321521.9788905896
Thread 19 ,2555435.3,2587688.1,2556770.56,2781419.92,3754939.6,5098856.2
Thread std 19 ,129571.17850838212,159088.10183158753,121000.00199665371,158660.9840247682,384319.77258565,373223.60315554566
Thread 20 ,2539998.46,2600395.72,2570543.74,2839900.32,3761891.14,5076301.68
Thread std 20 ,145498.76133117604,192496.45451842717,123245.00133652978,244740.18716335215,364399.01086225273,325929.91658978164
Thread 21 ,2572497.04,2551280.64,2587110.98,2852253.82,3753030.6,5035255.02
Thread std 21 ,192343.47510372676,116569.40744567207,153650.9563525747,276357.54729621403,343525.81247637124,290437.8992174691
Thread 22 ,2510319.16,2561946.02,2607647.84,2828705.3,3736163.66,5068767.84
Thread std 22 ,114709.92139009082,153787.06410879843,134766.59906416285,294226.1783960095,310230.1693684743,368406.5402382824
Thread 23 ,2544156.14,2628167.16,2564831.78,2834140.04,3713558.24,5086115.88
Thread std 23 ,132175.37285140742,244160.889053347,112753.15608529774,237375.77316300213,284352.77475365787,324894.5587625874
Thread 24 ,2596342.38,2603063.76,2548408.48,2843168.7,3741688.68,5080785.42
Thread std 24 ,206603.9520310603,218799.95280085303,104451.73896936364,194849.5799375686,276537.2673657198,305645.5263428395
Thread 25 ,2595851.18,2595571.3,2571690.58,2784306.42,3750537.26,5107662.68
Thread std 25 ,278964.2389045219,187699.4982878761,119220.09016205519,174077.48857065034,407224.3329540987,358826.4509038068
Thread 26 ,2609564.26,2593867.86,2613427.28,2805922.24,3740268.2,5022633.88
Thread std 26 ,236294.75521680934,172526.54579986542,151631.0417337655,215005.78107467963,303944.36455297243,291552.04495215125
Thread 27 ,2579093.3,2589016.44,2571941.06,2829916.1,3744130.86,5105945.58
Thread std 27 ,170405.40279379737,126333.57508986325,117782.52998197784,229033.8783534044,373453.99125515926,332321.59665767394
Thread 28 ,2543191.68,2624326.36,2573540.5,2828943.6,3751729.56,5067966.96
Thread std 28 ,130423.27631474,226554.86387409698,123474.9116935278,207967.22204153583,286379.18168123654,325391.2508236351
Thread 29 ,2584542.12,2579622.5,2560893.1,2796385.94,3688565.32,5039624.16
Thread std 29 ,261277.23755777508,128208.95452032154,125975.53180957038,192806.7952235711,251959.5876452104,329154.1326782916
Thread 30 ,2557430.02,2622312.56,2577277.22,2834141.32,3737963.52,4999414.32
Thread std 30 ,141436.02744133954,219878.59040900596,107883.54605347871,278561.4334695121,370412.4906273336,334628.4075527409
Thread 31 ,2543115.96,2624630.34,2607278.24,2833692.42,3748824.28,5026109.08
Thread std 31 ,156215.8937826907,180310.90407524738,158729.1718497406,213444.91330323165,282952.1846505735,316977.63365760865
Thread 32 ,2545551.08,2576189.92,2567442.04,2831236.04,3737495.18,5132451.38
Thread std 32 ,147435.46983235527,131084.82485637354,125266.2105615371,252778.71615800288,254446.7302519443,373296.69853134744
Thread 33 ,2591620.04,2576480.06,2594988.0,2803930.7,3758713.02,5016638.72
Thread std 33 ,205343.10799781533,139560.35976892957,156806.29850414628,204751.0395432732,383709.37997515505,324541.87802746415
Thread 34 ,2562790.94,2593062.12,2560155.3,2852737.38,3762370.54,5085045.48
Thread std 34 ,133236.9526890099,181141.2960879829,114699.68717752655,256449.23511569318,367595.06352052896,332418.7132886156
Thread 35 ,2546151.84,2615488.7,2594531.18,2815285.08,3789512.8,5047419.22
Thread std 35 ,163821.9188342796,207626.8538928401,141595.38709433834,224383.1910333749,367459.74381831323,290799.00658178085
Thread 36 ,2568448.62,2563600.64,2577092.46,2796672.52,3741562.16,5031926.4
Thread std 36 ,143395.2202069497,140361.95253624153,143086.54198959167,210989.76925320335,308150.552553645,350080.6290705743
Thread 37 ,2563329.9,2572971.02,2575702.72,2821091.88,3740483.2,5081423.24
Thread std 37 ,128860.47716722652,139120.5660951401,114984.42785252731,233371.76047939176,367632.95713967946,348995.5731228834
Thread 38 ,2603927.02,2573075.3,2613389.72,2875406.8,3681796.0,5026214.2
Thread std 38 ,243254.11996389242,143094.9585006261,148110.9167136465,332932.20199932967,182018.91502146647,320676.65006930806
Thread 39 ,2556630.5306122447,2599788.56,2560818.18,2832369.1,3765519.8,5083816.52
Thread std 39 ,205096.2929091786,198876.2030269451,145097.98505411044,232204.19840543848,345150.853277171,352681.41596244497
Thread 40 ,2561668.78,2570503.7,2589203.92,2824329.06,3755700.4,5062457.98
Thread std 40 ,165686.2335391181,137424.39659952995,121928.3322961652,226751.58815891048,392149.17161874165,293542.44607597194
Thread 41 ,2579762.6938775512,2635973.64,2561162.78,2825755.02,3754656.44,5110238.14
Thread std 41 ,216060.2609381817,260497.17743472688,88511.52805311605,215964.21398316653,368527.1796220879,312107.05622845545
Thread 42 ,2565505.26,2593777.84,2566922.7,2841921.02,3760832.72,5015307.84
Thread std 42 ,280498.3316431748,185075.91062559234,112846.48168581662,262840.3041480363,270226.22903767135,321934.53136613517
Thread 43 ,2553157.58,2632876.18,2584500.44,2798502.08,3718040.0,5078502.62
Thread std 43 ,137180.80839357188,338323.61980154447,144626.120032445,250898.93761952387,263297.1241663792,343462.9181973037
Thread 44 ,2531317.38,2581204.18,2584540.98,2821644.64,3723468.3,5019024.38
Thread std 44 ,107848.32843999779,205341.78139749728,126744.66555815503,217877.0400948205,310881.5893833541,330450.68973442115
Thread 45 ,2591573.3,2578949.84,2561883.58,2808054.34,3759743.5,5059925.16
Thread std 45 ,241242.6182133215,157963.76920859455,120136.93119461981,211208.75313538619,314026.76632091316,325653.54235077277
Thread 46 ,2601261.22,2581722.92,2603702.42,2773927.3,3737197.2,5037747.28
Thread std 46 ,147841.54432520253,212243.98590319374,143982.06912158986,164926.89141893218,293207.94319362624,300774.174346804
Thread 47 ,2575942.68,2565501.46,2592111.78,2819497.52,3677997.46,5015017.04
Thread std 47 ,207021.42808941595,137683.0965694313,137437.41826503718,213644.9640567877,178673.55936252535,291525.65135990124
Thread 48 ,2556028.4,2617378.86,2579786.34,2754794.08,3728318.64,5062711.24
Thread std 48 ,156152.4483524001,298292.3604464155,134328.6817083168,153640.05000594803,305995.6764747089,291703.2794512861
Thread 49 ,2556385.04,2603799.8,2574897.78,2794422.48,3718943.22,5093953.68
Thread std 49 ,157974.23549866013,207754.87819494374,129302.96221969297,127288.82096885983,375994.5960341305,319578.8382287705
Thread 50 ,2585354.66,2583229.88,2582552.16,2815989.0,3797099.3,5059024.74
Thread std 50 ,148934.91491986744,150197.16862784745,135109.98348954567,238002.06361384556,325236.8126519035,315514.75128953694
Thread 51 ,2547035.32,2580982.86,2567843.44,2819859.44,3757766.7,5007106.64
Thread std 51 ,141424.24854683998,169611.438271031,127278.7740407357,240731.6768205274,285424.13307218824,304067.09232739924
Thread 52 ,2632062.78,2593427.68,2573133.46,2808714.98,3731156.66,5050082.08
Thread std 52 ,401029.4717431416,178220.01810516606,147802.92265885125,210016.04023585084,205788.4854288163,367723.4638201253
Thread 53 ,2532983.32,2588719.56,2556078.18,2796653.86,3761631.4,5090354.9
Thread std 53 ,127609.89328936879,271985.7647538585,109034.88004971958,242801.8329733631,357171.3113251891,351878.03894840245
Thread 54 ,2587361.54,2616319.92,2580719.96,2844610.62,3659047.68,5117393.94
Thread std 54 ,165658.2347060566,220364.5359799688,125245.68626307481,260672.6072217628,192838.33121803543,302505.22443472344
Thread 55 ,2569042.44,2625856.0,2573488.7,2806591.12,3737634.24,5062088.76
Thread std 55 ,179046.86693748366,321829.4545770274,144024.87493177087,258895.76751608046,334238.3410377935,334892.2648494319
Thread 56 ,2558015.32,2565928.26,2568226.2,2852853.48,3722131.96,5052507.94
Thread std 56 ,158766.637746358,152624.13278669334,109849.57432650472,249241.45611043644,254749.77700400486,281449.5905726759
Thread 57 ,2574057.56,2582896.4285714286,2553189.3,2809429.62,3789300.54,4987024.78
Thread std 57 ,198957.08089426148,192337.05267760638,130037.86477497505,223369.313105859,355348.8404121988,325469.7661914325
Thread 58 ,2584385.26,2604882.18,2562161.02,2849118.96,3781641.22,5040510.98
Thread std 58 ,197648.94547809887,166717.94442511065,129339.21462107118,274941.5077611191,411028.2665071207,307100.4157852761
Thread 59 ,2551379.08,2600592.0,2591760.36,2809888.1,3734966.02,5040634.18
Thread std 59 ,112933.55135235364,202443.00716991932,146412.7264353584,221022.6727243481,309889.4723054242,272853.86233425763
Thread 60 ,2559119.58,2638392.62,2602379.02,2802718.76,3686958.1,4972498.58
Thread std 60 ,169839.21866283912,212519.76917981164,153580.5705686213,217992.05564307212,182990.7385190991,324946.04729401413
Thread 61 ,2546644.26,2576829.66,2583841.4,2813766.44,3739186.08,5002912.98
Thread std 61 ,174453.86112932846,160856.07914538044,123719.66159863853,194794.89268261375,277746.8033697524,348985.89725675405
Thread 62 ,2559909.64,2567333.64,2591825.62,2853139.56,3715093.3,5065768.06
Thread std 62 ,144847.6992194694,128752.15656173036,159696.95677072948,274820.0067430525,348166.40133649035,370098.18843445554
Thread 63 ,2570654.78,2562048.06,2586266.62,2802144.1,3724245.28,5098541.18
Thread std 63 ,216718.2079809189,153286.61404574302,121889.53630567245,194342.0984339844,300744.84409009764,334370.2389840224
