Configuration : nrThreads: 64 ,nrServers: 1 ,read sharded: true
Times in queue ,119129.8,158123.12,222134.86,364753.2,786547.14,2071162.02
Parsing times ,9082.06,7205.52,7520.38,8484.26,9050.24,9594.72
Service times ,2253700.16,2241664.74,2274441.28,2522103.98,3396191.32,4629275.28
Throughput ,834.4,1655.8,3211.12,5728.54,8169.3,10638.3
Times in get ,2242721.5,2231614.48,2264258.62,2510638.78,3383110.58,4615836.92
Times in set ,0.0,0.0,0.0,0.0,0.0,0.0
Times in mget ,0.0,0.0,0.0,0.0,0.0,0.0
Times in mget only memcached part ,0.0,0.0,0.0,0.0,0.0,0.0
Queue lengths ,1.0,1.0,2.0,3.44,9.48,26.28
Number of gets ,834.4,1655.8,3211.12,5728.54,8169.3,10638.3
Number of sets ,0.0,0.0,0.0,0.0,0.0,0.0
Number of mgets ,0.0,0.0,0.0,0.0,0.0,0.0
Number of misses get ,113.88,225.6326530612245,436.38775510204084,780.8163265306123,1110.2857142857142,1503.3061224489795
Arrival rate ,834.34,1655.82,3210.96,5728.52,8168.84,10637.48
std Times in queue ,31324.418368462146,17740.272088703277,31097.801020106264,65810.31596728804,117923.14123121527,206646.06455478215
std Parsing times ,3900.7011793014954,494.9734373413076,1695.4295571522005,1516.1906456239437,996.4687152179758,1564.6599818412656
std Service times ,68071.9058611239,63800.371073647366,86851.42794451703,134761.2172857849,222270.30334656287,258407.38625058453
std Throughput ,20.401080403563267,37.186238402540965,92.49106741205017,266.96252201997436,354.9231161355188,353.2140618228382
std Times in get ,67160.16003865958,63866.10946450586,86685.67600994777,134568.73471678756,222296.5284691424,258511.28313281233
std Times in set ,0.0,0.0,0.0,0.0,0.0,0.0
std Times in mget ,0.0,0.0,0.0,0.0,0.0,0.0
std Times in mget only memcached part ,0.0,0.0,0.0,0.0,0.0,0.0
std Queue lengths ,0.0,0.0,0.0,0.5014265364224069,0.8628382211737998,1.8074675033068237
std Number of gets ,20.401080403563267,37.186238402540965,92.49106741205017,266.96252201997436,354.9231161355188,353.2140618228382
std Number of sets ,0.0,0.0,0.0,0.0,0.0,0.0
std Number of mgets ,0.0,0.0,0.0,0.0,0.0,0.0
std Number of misses get ,12.839098448862826,26.17385294967656,42.13955798224247,79.44984620013112,131.0666179213202,164.88647661366298
std Arrival rate ,20.066837298978466,37.699504679255725,92.16687616071455,267.6526259226038,355.82329712303857,354.79107045339987
Thread 0 ,2247177.8,2245623.84,2265321.4,2506139.46,3438834.5,4668223.94
Thread std 0 ,155162.83350488706,147232.93186265035,124987.40079018251,161954.26721148344,290714.4029319701,332845.8126081689
Thread 1 ,2269338.84,2228261.22,2285698.66,2522938.04,3363869.42,4679462.86
Thread std 1 ,182742.58799926133,91961.83756193076,164804.63022344405,200354.4113042176,274438.41455145064,350934.70233154634
Thread 2 ,2275773.24,2235683.56,2270804.92,2548389.72,3334262.62,4609428.86
Thread std 2 ,195778.37811309574,118139.69565387498,112982.93291951447,290916.6853440219,269134.99684062577,320168.28444945405
Thread 3 ,2219294.16,2252944.54,2257878.4,2517275.94,3421234.72,4674657.44
Thread std 3 ,111436.30842706261,126071.8658906555,149323.1487632491,189076.06005114902,353616.7962194841,383782.1789212698
Thread 4 ,2245287.02,2231916.02,2266462.46,2490888.06,3340823.24,4665965.82
Thread std 4 ,152562.1738200983,109346.4478273939,110087.97023924242,161692.08842904877,219651.87654527245,293382.22581915144
Thread 5 ,2239686.8,2253661.98,2273096.62,2489217.78,3380523.78,4694833.74
Thread std 5 ,182068.50176799065,232609.57238085382,162198.38568799457,213737.897527512,286266.9358156425,345522.29553035164
Thread 6 ,2272820.36,2233705.78,2285901.8,2555441.3,3384971.98,4615975.72
Thread std 6 ,163425.41518065607,101951.65881612115,155285.36065014274,325834.32155967713,211925.25000002008,327448.7910766394
Thread 7 ,2218859.96,2262624.82,2268458.22,2554099.72,3394036.7,4628040.34
Thread std 7 ,137069.39763774362,187248.51258695795,110870.23272962873,291063.5493644896,300497.60920915555,444438.27208945644
Thread 8 ,2261332.04,2249825.02,2262573.98,2556968.0,3383133.26,4644055.86
Thread std 8 ,176679.652929083,154324.19745966938,112073.0026141835,335732.5918092844,307864.7433391787,294507.7270681663
Thread 9 ,2242527.5,2254304.46,2262121.7,2545149.6,3373304.62,4643351.06
Thread std 9 ,134184.3027738646,129007.53904266721,139944.65303800846,307197.3083497753,233203.6998200299,269629.27310384257
Thread 10 ,2226405.5,2253857.24,2294425.7,2533794.36,3391747.88,4643931.66
Thread std 10 ,125575.24994937076,223136.90221627604,167420.77749621993,287336.9935519261,257615.20103263963,325296.894751179
Thread 11 ,2298261.12,2233620.6,2255141.56,2567921.84,3395782.88,4652399.32
Thread std 11 ,304230.5481845622,119771.6754407216,112454.43934942844,310975.0554330133,347261.7749870091,331018.2913341392
Thread 12 ,2282997.78,2222925.4,2253911.04,2592309.76,3398655.78,4688179.16
Thread std 12 ,210840.32574054517,123060.70906952341,117413.94390351583,416119.6169195192,345673.75433824526,307079.3101801367
Thread 13 ,2330697.32,2224111.14,2279827.38,2502188.66,3369833.34,4643807.32
Thread std 13 ,519018.72015672014,110434.47513548202,154912.04092275284,173586.18247084186,230684.18928090448,306338.51117526705
Thread 14 ,2258300.28,2268128.5,2285551.04,2507627.02,3376563.56,4574433.08
Thread std 14 ,163670.21007078193,235291.4735840573,129408.67112337075,198800.50700326366,211976.9750216109,317276.57700246584
Thread 15 ,2209594.62,2232476.16,2284631.68,2579890.44,3388764.06,4615411.92
Thread std 15 ,99602.49070299602,127274.01897342343,188838.39271061425,319044.22463908914,334077.70250154467,365677.748010449
Thread 16 ,2226355.52,2241600.52,2254944.8,2552007.64,3430927.36,4656276.16
Thread std 16 ,143238.31357185048,118231.07179608334,124668.60898659719,241682.93317559178,360289.9804739352,386256.71029898536
Thread 17 ,2262736.08,2233837.76,2293776.22,2482867.88,3434991.44,4612416.42
Thread std 17 ,172849.97286922386,148090.59078869698,191899.20404268467,142155.2639644471,337095.2287714193,263133.7005728201
Thread 18 ,2249311.02,2232351.86,2261229.34,2497097.5,3362013.22,4651489.8
Thread std 18 ,144088.25651612534,127683.64513363743,119431.53966400454,185299.54640001422,172350.30184568153,291049.2115575043
Thread 19 ,2232259.68,2219382.14,2240597.56,2553661.86,3411864.68,4652437.88
Thread std 19 ,167009.6113419506,108513.14128073453,105136.36904868469,290713.80394512624,371123.003210825,356681.5218577503
Thread 20 ,2301445.94,2226237.72,2251372.44,2530960.66,3382279.5,4629248.9
Thread std 20 ,268079.943238565,92468.185794268,123206.43082791365,161962.3734496796,289664.7037602269,365887.15916540805
Thread 21 ,2261479.74,2250848.34,2268328.8,2524214.88,3358687.26,4681258.76
Thread std 21 ,171766.33851737576,156338.79797800857,170902.1163691936,186644.39758936112,218964.14506962983,356929.8580765603
Thread 22 ,2228710.02,2253446.0,2280055.28,2562661.06,3368211.78,4603027.18
Thread std 22 ,144149.66760061204,130415.09283070275,165173.2862849344,338606.1589415035,287576.3437705195,325509.83904146997
Thread 23 ,2294083.16,2224065.36,2248667.92,2503126.54,3401086.24,4598044.84
Thread std 23 ,277829.69898375234,125096.69767477099,114655.07946077545,173064.9547219382,273561.3072601087,321212.1570975793
Thread 24 ,2281894.26,2236833.04,2296464.66,2515054.0,3344852.36,4681748.74
Thread std 24 ,183572.56282715843,144994.87914686743,150197.89396056175,289603.6402701359,239760.48016069736,305214.2413453754
Thread 25 ,2269567.86,2240937.3,2298229.4,2527739.48,3423491.24,4616866.38
Thread std 25 ,203429.6978455983,126618.58282101424,171550.99993760407,295536.7726379144,349975.15909832856,339362.3589369039
Thread 26 ,2267969.66,2220022.42,2253741.12,2491473.36,3443726.42,4557488.66
Thread std 26 ,160531.8232928885,126162.3694900766,104571.4190908739,133683.4542378742,387895.43104837905,312739.0738794302
Thread 27 ,2250389.92,2235342.96,2274425.52,2502811.18,3430322.14,4591220.2
Thread std 27 ,261796.27773618954,118026.59823400929,133791.86082596765,186473.16925747285,338134.3309710283,339850.01746592845
Thread 28 ,2231961.82,2246311.26,2287661.84,2499853.7,3387884.36,4644088.86
Thread std 28 ,129779.51840115731,149943.0757175032,176400.86302861216,169050.60516201312,334930.0575295769,355262.00813185464
Thread 29 ,2266109.04,2209504.74,2256924.88,2589071.72,3365938.3,4593943.96
Thread std 29 ,220301.3679241772,97434.27221336108,138726.9781119265,352216.0497000785,315912.6457532629,302630.33356541884
Thread 30 ,2212680.94,2253036.8,2255356.48,2525690.82,3431094.66,4628626.66
Thread std 30 ,108629.67558099887,153922.8151768255,131274.48471937084,246954.1279720514,349758.7151770641,361354.882382934
Thread 31 ,2235462.16,2226295.24,2299675.0,2508829.94,3434526.06,4573965.78
Thread std 31 ,199579.16295385556,117320.25837808408,167823.06121882398,175401.34188691663,335691.6137397543,296558.66612150613
Thread 32 ,2276336.78,2233614.08,2262440.88,2485984.56,3433021.9,4662481.58
Thread std 32 ,196711.48894591274,123035.17227495625,133326.7666911331,183398.21802465466,256658.41242130063,347687.0587632393
Thread 33 ,2236221.36,2243127.94,2286565.28,2519482.62,3426088.64,4617005.76
Thread std 33 ,134267.78895356847,136189.01348964256,182497.57680583495,193791.6894305916,328975.0185771359,333779.2897494012
Thread 34 ,2277281.28,2247036.44,2248805.08,2494288.74,3395610.68,4662051.8
Thread std 34 ,257239.39946125142,166289.7024775983,125892.31441517705,155346.42095478618,226302.4351608534,391771.55792661227
Thread 35 ,2276043.78,2219209.72,2273677.54,2536241.08,3412490.16,4663168.74
Thread std 35 ,246127.2257532503,93988.1142453097,176022.2679327017,313597.9138517946,372455.1357196916,317600.5138393397
Thread 36 ,2243280.1,2256455.7,2252176.06,2496009.42,3368426.92,4654189.52
Thread std 36 ,169855.88269197932,188638.09393989196,145931.49455591434,195865.00135282578,302548.8101748847,271926.1038039742
Thread 37 ,2237072.44,2260607.54,2287925.86,2521284.88,3412410.5,4693959.94
Thread std 37 ,157156.73401561734,142527.55632797786,126261.23710460024,212138.75945505142,365915.7224890782,336236.9336593911
Thread 38 ,2254923.12,2223511.02,2260283.6,2528205.98,3456440.84,4633729.56
Thread std 38 ,158224.01760235458,107222.97315645465,105464.3428350675,226465.44342944128,359861.7731086655,356369.1954063621
Thread 39 ,2242137.52,2262935.82,2277196.0,2506381.54,3379577.28,4609472.52
Thread std 39 ,148346.87955176033,132396.99070547224,161738.28475153106,184495.44691436432,299360.1770700809,299627.64151351026
Thread 40 ,2267561.94,2237001.44,2256364.32,2534701.42,3389729.56,4614579.48
Thread std 40 ,178470.71043335975,130244.67930017922,119514.72736307865,277110.0053803941,304207.5451674104,343610.8251834251
Thread 41 ,2347976.66,2220949.76,2289258.0,2519007.54,3414360.22,4609928.8
Thread std 41 ,485614.38536910387,112217.70151817788,119885.76575478945,329739.1323997241,324186.6377632748,345822.6742514854
Thread 42 ,2232003.36,2216707.72,2289816.58,2521461.74,3393821.84,4663889.94
Thread std 42 ,126585.06414680775,107328.78117110573,175254.66871211003,158670.45087903267,289566.0961502368,432939.79580515885
Thread 43 ,2224301.26,2243220.98,2290991.14,2478697.94,3391137.0,4625635.78
Thread std 43 ,131684.7840032866,136394.2612489714,177677.29939105434,131119.43665447988,240483.14527684657,355672.75908186985
Thread 44 ,2228324.44,2266847.12,2260950.38,2512658.24,3360980.46,4637619.44
Thread std 44 ,131788.58183146743,146000.75028443505,120587.81112074915,218582.5055400961,250214.6198263101,303444.7133618101
Thread 45 ,2213724.76,2235886.0,2282407.5,2518437.22,3369148.76,4642247.0
Thread std 45 ,110830.82363187966,151390.91006532777,139849.47077982797,198706.35294449353,251725.40986896085,341476.04219156626
Thread 46 ,2246671.28,2248626.32,2283871.78,2463573.98,3394134.4,4624835.28
Thread std 46 ,172823.94492095837,137953.746458205,177374.76096099755,134288.4613909724,281852.13495109417,343110.81152084295
Thread 47 ,2257074.68,2253816.4,2298906.62,2497573.5,3456783.32,4639920.54
Thread std 47 ,231998.17273281465,141340.92179982585,182205.08825752998,206889.13897546724,331731.1704205521,312649.86051695887
Thread 48 ,2271392.38,2219996.16,2269588.02,2511462.06,3433787.3,4679571.14
Thread std 48 ,168674.1607143471,98313.46295050753,123357.02969495844,180978.27365729818,341252.9929739572,374967.44266348274
Thread 49 ,2240861.04,2255836.6,2291983.92,2503223.0,3380012.44,4625691.3
Thread std 49 ,154921.608287831,140887.54799426647,158050.3353233716,156782.45729230117,217022.10802740717,278217.9392218024
Thread 50 ,2248862.52,2259896.22,2283495.14,2524621.4,3329132.1,4718058.74
Thread std 50 ,128430.00143336083,162971.91938368912,175281.21485271974,176059.26777024812,190813.84386447625,352692.48060394434
Thread 51 ,2229881.36,2249236.9,2280957.18,2551853.64,3398430.32,4659144.14
Thread std 51 ,126806.0870593219,203699.34443977446,153087.51659562552,229467.8358345728,295708.7532290914,342005.395334934
Thread 52 ,2254383.16,2256595.22,2262057.34,2460276.2,3333310.42,4639961.6
Thread std 52 ,153260.62218836808,261019.08301519544,102637.05628495601,150128.8822959412,182402.1268757006,324047.94481756835
Thread 53 ,2226694.7,2236471.5,2281810.52,2529816.82,3430951.48,4622120.4
Thread std 53 ,130872.52298343995,115784.44950789782,135594.67229122572,206025.4518088689,321885.970011643,354392.2878273598
Thread 54 ,2256927.42,2219638.34,2266935.64,2515111.18,3402742.26,4622285.2
Thread std 54 ,157834.40021448082,92622.33709953555,144658.38585521097,202868.910986792,326763.3014642069,304551.03030479845
Thread 55 ,2234145.46,2254262.68,2262133.48,2527908.88,3416140.3,4660829.26
Thread std 55 ,125185.02115003655,129419.57881728119,148413.65972163406,214124.07872412362,328219.6409492694,315467.6130630631
Thread 56 ,2234458.38,2263810.04,2297685.72,2521398.48,3401569.78,4653507.08
Thread std 56 ,146793.55910700452,228561.1387460614,164673.85396162033,167012.0230923437,298437.18549780047,402911.9075147533
Thread 57 ,2235331.54,2220560.78,2307293.54,2529080.12,3436155.0,4582818.52
Thread std 57 ,144540.83779223793,101809.3892058135,200925.22316850786,302176.53860343405,301880.148621662,354660.13877244707
Thread 58 ,2247616.9,2233812.6,2286226.42,2528512.92,3409657.44,4701529.7
Thread std 58 ,119215.61543626296,108244.38496932648,175105.76111165923,326379.69606228237,326335.7954399657,305296.0557604833
Thread 59 ,2233978.7,2248495.34,2303788.04,2528373.0,3396404.5,4649472.84
Thread std 59 ,121143.14036072856,226617.90094518222,189129.82877766204,176180.85297401945,278325.8792082968,351329.6185871993
Thread 60 ,2270463.64,2275186.78,2262698.08,2526443.86,3427993.68,4664583.8
Thread std 60 ,189593.50383900126,242818.47979041078,135214.94290125405,149879.8138969899,341756.1594255226,309575.1506632328
Thread 61 ,2273281.9,2267488.8,2262578.14,2564415.32,3424343.38,4628111.38
Thread std 61 ,237082.76015041835,158701.43550306876,121413.74370107616,289539.9794437785,321780.60814657423,282605.4141431404
Thread 62 ,2264544.48,2228608.2,2251405.02,2491814.2,3390674.8,4600175.96
Thread std 62 ,219796.27367969454,122506.56686238562,99991.37128047906,152301.52425812074,273455.71129272884,307368.45687704836
Thread 63 ,2216534.7,2255112.68,2258671.64,2518442.06,3446656.22,4597673.68
Thread std 63 ,106495.97518566088,154418.28242418153,106121.2611356019,176882.17054811557,316348.55680702796,297407.6373138898
