Configuration : nrThreads: 32 ,nrServers: 1 ,read sharded: true
Times in queue ,88764.71428571429,111084.61224489796,146202.6530612245,194591.9387755102,348321.9183673469,827522.42
Parsing times ,10931.65306122449,11964.979591836734,17602.85714285714,9309.775510204081,7372.755102040816,7897.92
Service times ,2509287.285714286,2587603.0816326533,2550602.3673469387,2604116.897959184,3219113.8571428573,4609843.72
Throughput ,209.81632653061226,402.0816326530612,801.265306122449,1571.3469387755101,2550.8367346938776,3249.48
Times in get ,0.0,0.0,0.0,0.0,0.0,0.0
Times in set ,2496047.2448979593,2573017.1428571427,2530244.2040816327,2592200.7959183673,3209044.897959184,4598977.58
Times in mget ,0.0,0.0,0.0,0.0,0.0,0.0
Times in mget only memcached part ,0.0,0.0,0.0,0.0,0.0,0.0
Queue lengths ,1.0,1.0,1.0408163265306123,1.9387755102040816,3.204081632653061,8.34
Number of gets ,0.0,0.0,0.0,0.0,0.0,0.0
Number of sets ,209.81632653061226,402.0816326530612,801.265306122449,1571.3469387755101,2550.8367346938776,3249.48
Number of mgets ,0.0,0.0,0.0,0.0,0.0,0.0
Number of misses get ,0.0,0.0,0.0,0.0,0.0,0.0
Arrival rate ,209.81632653061226,402.0816326530612,801.3061224489796,1571.3877551020407,2550.8367346938776,3250.12
std Times in queue ,16385.532360896916,12822.782712513965,22816.639446858935,27329.595034815407,60252.70801999854,141460.6873617572
std Parsing times ,4327.784135439196,4485.424146099025,12171.341984692292,2553.1179978713126,751.7353681818558,973.533807888581
std Service times ,84021.20769781877,77724.17991736246,67397.50478773114,168349.61376431354,484320.848898873,884949.7259525835
std Throughput ,5.44928691584105,10.709880046585255,17.99279428711681,54.47650526465827,220.7088341135948,355.78531935619236
std Times in get ,0.0,0.0,0.0,0.0,0.0,0.0
std Times in set ,82921.701536633,76686.04732772449,62856.23007009052,168436.86795589267,484316.45968356973,884904.4380930515
std Times in mget ,0.0,0.0,0.0,0.0,0.0,0.0
std Times in mget only memcached part ,0.0,0.0,0.0,0.0,0.0,0.0
std Queue lengths ,0.0,0.0,0.19991494790174613,0.24222607082590258,0.4991489355532529,1.3940105114820507
std Number of gets ,0.0,0.0,0.0,0.0,0.0,0.0
std Number of sets ,5.44928691584105,10.709880046585255,17.99279428711681,54.47650526465827,220.7088341135948,355.78531935619236
std Number of mgets ,0.0,0.0,0.0,0.0,0.0,0.0
std Number of misses get ,0.0,0.0,0.0,0.0,0.0,0.0
std Arrival rate ,5.294153494609859,10.57874585882364,17.29788532551577,54.52056810909784,219.55460092905284,355.96925113709193
Thread 0 ,2487119.8571428573,2611474.612244898,2535345.3061224488,2579423.9795918367,3177809.1428571427,4603593.16
Thread std 0 ,175604.10139477567,433730.8156131528,118794.28836231356,179604.96227247012,555743.2570937471,885904.3569864905
Thread 1 ,2495677.4693877553,2570437.7959183673,2520694.5306122447,2604997.6326530613,3147829.0816326533,4601823.16
Thread std 1 ,185194.57284368313,139781.14707865345,108083.42433646297,322745.16555807967,677203.3560289158,886976.8397471097
Thread 2 ,2489536.775510204,2611885.1428571427,2565500.93877551,2622066.7346938774,3148204.7551020407,4626966.0
Thread std 2 ,205935.82587425396,224510.0016642726,228191.0100523799,290384.4604964666,558934.0874615916,902403.7233803811
Thread 3 ,2467941.2448979593,2563244.4693877553,2515249.163265306,2568967.3469387754,3241903.4897959186,4606152.96
Thread std 3 ,126126.18423982037,129871.87285152463,97674.90225665848,190215.53811877363,578126.9007420329,905220.0018977225
Thread 4 ,2470688.326530612,2574045.6530612246,2568106.3469387754,2607933.612244898,3223711.2040816327,4631722.3
Thread std 4 ,148147.7171255641,161745.5676112887,239495.530111172,224538.59058409612,597434.1005254951,936348.0436535806
Thread 5 ,2510858.775510204,2558720.0816326533,2557982.4693877553,2627300.775510204,3216248.2040816327,4624980.18
Thread std 5 ,215780.73831431151,121107.74658436675,129355.28438215265,314400.96908852353,595465.5872185219,880026.0436753711
Thread 6 ,2475342.5918367347,2591743.6530612246,2518728.5918367347,2582503.673469388,3155245.5714285714,4619247.66
Thread std 6 ,189780.9410387099,171967.24674817573,113995.62779863505,200990.71240745884,485948.77616781805,903872.8504000498
Thread 7 ,2534120.8571428573,2570916.0408163266,2538757.387755102,2619861.1224489794,3304541.775510204,4627128.88
Thread std 7 ,298780.91705350485,171947.54091133908,103622.14883910684,253101.14946249197,567452.134856334,879583.2173044798
Thread 8 ,2586655.3061224488,2597641.714285714,2601822.163265306,2616564.612244898,3264203.7551020407,4619428.66
Thread std 8 ,462866.14991049713,200715.31271751956,287918.43667393795,209660.92591151953,583573.4106484066,892980.8834833809
Thread 9 ,2546647.4081632653,2576712.0816326533,2550049.612244898,2589727.5102040814,3177064.5102040814,4598501.92
Thread std 9 ,357196.81511026,162790.266046765,254965.00910703547,213081.2227649473,496746.72325685417,903599.1759080729
Thread 10 ,2590171.5714285714,2563507.5102040814,2539975.673469388,2641158.612244898,3182152.6530612246,4620077.88
Thread std 10 ,382525.49895012454,110343.5961015867,127242.19433269567,342156.0496860202,508692.4792480043,906078.558789145
Thread 11 ,2475914.224489796,2646859.775510204,2569550.0816326533,2587943.612244898,3214226.4285714286,4636351.0
Thread std 11 ,197865.10612791497,256491.32840152268,166323.1803243358,242142.18809279674,524147.55004121526,915520.9699815506
Thread 12 ,2506247.6938775512,2698171.06122449,2546523.4693877553,2627801.836734694,3199578.387755102,4603347.62
Thread std 12 ,197246.1243413294,322507.7918316734,130850.30887622791,264002.23468406685,464147.11178725515,918829.9724583165
Thread 13 ,2494432.102040816,2583570.9795918367,2527911.2653061226,2596394.2653061226,3168131.551020408,4566921.2
Thread std 13 ,180206.7542707594,129223.00921767147,99612.10121637153,208214.7854844223,538505.3930508365,897443.6922231173
Thread 14 ,2598808.5102040814,2541706.7959183673,2542278.9795918367,2633662.326530612,3313917.9183673467,4614119.6
Thread std 14 ,591592.6665261368,121626.66327331007,142844.1205064822,279251.7455465727,604894.9487969254,900448.8601893422
Thread 15 ,2566263.4285714286,2555273.836734694,2551337.06122449,2621001.326530612,3179039.0816326533,4603730.82
Thread std 15 ,375478.84656784154,118791.4917678498,189741.42741366566,224637.65059956256,499327.4710043682,876844.9957776538
Thread 16 ,2484129.8775510206,2593292.8775510206,2545205.836734694,2602035.7551020407,3210717.7551020407,4603932.96
Thread std 16 ,165041.72821992027,188109.50677560052,184457.65625220365,197803.50997997253,599239.1201265684,932177.5233459045
Thread 17 ,2564579.775510204,2631779.6530612246,2530976.1224489794,2592087.551020408,3201561.326530612,4634462.6
Thread std 17 ,344088.5307493108,262027.18658984537,120698.41111710224,179283.11343015797,551838.3275194596,896161.4158169845
Thread 18 ,2522977.326530612,2572231.612244898,2582041.5102040814,2638724.4897959186,3226141.224489796,4595764.58
Thread std 18 ,232202.86417424848,123251.83814785758,224802.5844835977,332118.6427437065,528505.5452732285,895880.1919158541
Thread 19 ,2516831.5714285714,2556674.0,2553034.836734694,2604860.1224489794,3240720.93877551,4631088.6
Thread std 19 ,299497.7649151436,127932.15706560385,158366.2996336009,327989.1622697332,601367.8661891505,920131.9820624228
Thread 20 ,2461902.612244898,2581963.5714285714,2554375.326530612,2599747.326530612,3172110.0,4629990.84
Thread std 20 ,174170.9714145625,154290.22839171204,147661.5112503068,199958.93451587626,634756.163052954,915864.218774287
Thread 21 ,2458182.0408163266,2620961.387755102,2570816.5102040814,2581716.4693877553,3164129.224489796,4611981.26
Thread std 21 ,130470.80043537826,286662.37542787276,214662.4286700053,183856.81199499403,523709.30109429767,855247.8006208066
Thread 22 ,2498055.1428571427,2552742.0,2551449.5714285714,2619397.285714286,3218414.285714286,4615085.68
Thread std 22 ,164924.69417787826,110525.91713353178,120834.38116677859,236500.91836141289,541277.486440758,930291.2472139219
Thread 23 ,2477315.5102040814,2591465.551020408,2535052.6326530613,2575612.5714285714,3325025.0,4608965.34
Thread std 23 ,143411.92514762073,170939.86651805622,96840.73062889006,233719.70599586095,557635.485395926,881426.5691234864
Thread 24 ,2563907.5714285714,2624729.3061224488,2575620.163265306,2577542.2448979593,3288987.5714285714,4653708.52
Thread std 24 ,353159.15968742047,421207.1646955729,210368.57692545114,153979.89930324923,553303.9537358362,932725.0284945356
Thread 25 ,2551572.448979592,2571992.6530612246,2554860.8163265307,2643844.836734694,3234590.387755102,4627373.6
Thread std 25 ,216773.83524290755,157146.42209543928,230900.07355949044,232761.8484133646,590316.8594889956,906097.7172444662
Thread 26 ,2516124.1836734693,2561990.102040816,2567063.3061224488,2595021.5918367347,3262994.9183673467,4624335.5
Thread std 26 ,301622.2510867051,107180.32747435605,200403.7470027906,241068.58232823832,636878.0889489644,891601.2094835564
Thread 27 ,2565064.6938775512,2563352.1224489794,2570997.8775510206,2610712.5102040814,3239681.897959184,4626981.3
Thread std 27 ,355783.4013455498,117030.45946455433,174187.48352262005,308138.77803320496,555263.4746851131,903920.0056843626
Thread 28 ,2448950.5102040814,2595327.93877551,2543599.387755102,2559234.7551020407,3234447.5102040814,4589286.68
Thread std 28 ,159876.02663471818,151219.18806258903,154873.31809993615,182635.3929023765,610982.8328135238,906062.9668792441
Thread 29 ,2473995.102040816,2574955.7346938774,2530167.673469388,2591309.9183673467,3211302.5102040814,4564554.46
Thread std 29 ,144116.06250247936,149601.73475692826,150648.0301861743,265896.560886688,608007.3596214771,855640.5107577385
Thread 30 ,2456379.448979592,2569508.1428571427,2582952.4081632653,2589636.897959184,3275293.8571428573,4607851.84
Thread std 30 ,133135.6302314581,204403.04027745448,225470.16777871802,223022.12820052978,570073.9771781818,905705.7798623433
Thread 31 ,2452688.673469388,2596551.673469388,2527121.8571428573,2617075.163265306,3247654.4081632653,4612383.28
Thread std 31 ,113885.04611456307,194032.0577629493,157628.99704527718,290600.0472099603,541738.9548735981,882693.7689501091
