Configuration : nrThreads: 64 ,nrServers: 1 ,read sharded: true
Times in queue ,93745.3469387755,105136.22448979592,150335.306122449,196601.97959183675,348171.693877551,826924.9591836735
Parsing times ,15275.938775510203,16818.816326530614,16442.979591836734,13804.081632653062,11164.795918367347,7849.755102040816
Service times ,2504945.0,2564213.4285714286,2558679.0408163266,2600006.0816326533,3314588.551020408,5200634.714285715
Throughput ,210.75510204081633,406.6530612244898,798.0204081632653,1563.9795918367347,2558.8367346938776,3132.938775510204
Times in get ,0.0,0.0,0.0,0.0,0.0,0.0
Times in set ,2487650.0204081633,2545474.0204081633,2539935.4693877553,2583655.551020408,3300656.6326530613,5189701.918367347
Times in mget ,0.0,0.0,0.0,0.0,0.0,0.0
Times in mget only memcached part ,0.0,0.0,0.0,0.0,0.0,0.0
Queue lengths ,1.0,1.0,1.0204081632653061,1.8571428571428572,3.061224489795918,8.428571428571429
Number of gets ,0.0,0.0,0.0,0.0,0.0,0.0
Number of sets ,210.75510204081633,406.6530612244898,798.0204081632653,1563.9795918367347,2558.8367346938776,3132.938775510204
Number of mgets ,0.0,0.0,0.0,0.0,0.0,0.0
Number of misses get ,0.0,0.0,0.0,0.0,0.0,0.0
Arrival rate ,210.73469387755102,406.6938775510204,798.0612244897959,1564.0816326530612,2559.1428571428573,3133.265306122449
std Times in queue ,27581.34127868499,10314.312574575893,26068.157032898132,28813.802215322812,55486.10473022506,152804.66050565444
std Parsing times ,17305.049784923285,16429.709787294716,12409.248771060833,5576.709942686991,2948.8966296706626,754.1507787630028
std Service times ,84657.60835122854,82804.04073524028,102003.59671987046,174245.80001093724,538625.9638561059,968425.7556804282
std Throughput ,5.056063242306616,8.29545814589768,20.8161493756634,68.09934220066495,243.77955777528936,298.90204695429804
std Times in get ,0.0,0.0,0.0,0.0,0.0,0.0
std Times in set ,82957.47499459432,81522.11374975958,95584.93214634259,174494.40191534575,539040.6844579581,968270.2126628283
std Times in mget ,0.0,0.0,0.0,0.0,0.0,0.0
std Times in mget only memcached part ,0.0,0.0,0.0,0.0,0.0,0.0
std Queue lengths ,0.0,0.0,0.14285714285714288,0.35355339059327356,0.3167651118011924,0.9999999999999999
std Number of gets ,0.0,0.0,0.0,0.0,0.0,0.0
std Number of sets ,5.056063242306616,8.29545814589768,20.8161493756634,68.09934220066495,243.77955777528936,298.90204695429804
std Number of mgets ,0.0,0.0,0.0,0.0,0.0,0.0
std Number of misses get ,0.0,0.0,0.0,0.0,0.0,0.0
std Arrival rate ,5.163072043383675,8.33967445815646,21.561354475141886,68.20704898038211,244.67367723834397,300.96883666961025
Thread 0 ,2487887.0408163266,2577534.1224489794,2569673.4285714286,2575947.3061224488,3308714.836734694,5236152.346938776
Thread std 0 ,237279.07694851642,205525.17715919387,319689.66428677615,234868.13693629278,837072.3853302242,1072697.481399007
Thread 1 ,2584437.3469387754,2551545.1224489794,2497325.3061224488,2565665.5714285714,3410719.7551020407,5238456.306122449
Thread std 1 ,625079.4968850812,193990.1586769967,109873.07021517378,237401.07978815795,842297.5234188464,1128651.1382471337
Thread 2 ,2496344.3469387754,2564657.836734694,2552255.3673469387,2577218.8775510206,3457642.4693877553,5086429.020408163
Thread std 2 ,263684.4559106546,256618.58483923075,215026.82688055598,298836.4861939296,719009.9705679824,1016180.0896319695
Thread 3 ,2486614.387755102,2542662.285714286,2555364.6530612246,2701445.4897959186,3202412.9795918367,5151575.9387755105
Thread std 3 ,163284.89582740757,244403.04323016654,367431.8287528286,584059.421793284,612060.0278503629,1117383.1109438695
Thread 4 ,2436757.4081632653,2569170.2040816327,2560497.7346938774,2558105.1836734693,3213520.1224489794,5116768.448979592
Thread std 4 ,190637.2640865716,417742.54614779283,225108.19763132566,240064.606376047,696293.5628507872,1024598.797214835
Thread 5 ,2486264.102040816,2531703.9183673467,2570692.6326530613,2589846.8163265307,3292018.0816326533,5076797.755102041
Thread std 5 ,198706.34782179672,142518.57140618502,266158.5123346529,260955.7917167735,824564.2047475956,1134702.7594943005
Thread 6 ,2546933.7551020407,2621210.4897959186,2563007.102040816,2558675.612244898,3335506.7959183673,5139840.87755102
Thread std 6 ,464754.12874248775,437583.06213445164,226096.1945083004,263899.53388859436,842940.1225728951,1029445.938993634
Thread 7 ,2624533.3061224488,2571649.7959183673,2615283.4081632653,2601299.5102040814,3322345.102040816,5274561.428571428
Thread std 7 ,692848.9986010122,269824.3912044909,389178.65596663515,238163.9332602758,630924.74507237,1196534.4319678668
Thread 8 ,2467739.775510204,2592450.224489796,2557978.4693877553,2701527.3469387754,3345379.5918367347,5335153.1632653065
Thread std 8 ,210107.84932359395,251463.62861673333,216290.8186027266,661409.9675353449,749487.4455862853,1252491.2607039977
Thread 9 ,2473025.9183673467,2543795.7551020407,2598659.3673469387,2617829.2448979593,3206834.1836734693,5276713.755102041
Thread std 9 ,218333.00679484205,154443.44468304171,435565.11667754175,304507.28421997087,615469.6353067737,1232520.5733738034
Thread 10 ,2618770.0,2525751.224489796,2539975.285714286,2668453.4081632653,3252487.387755102,5072501.12244898
Thread std 10 ,634071.7930435139,173063.52800227545,236775.77540558638,596082.7469556945,651028.5569557996,1161113.896709295
Thread 11 ,2470285.8163265307,2519033.6938775512,2583392.5918367347,2566794.7346938774,3238656.0408163266,5270775.1632653065
Thread std 11 ,150287.4905250591,147762.3248912202,448589.9425282477,242431.84888865976,785631.2568707875,1136291.7769522702
Thread 12 ,2501592.102040816,2535062.6530612246,2585234.8775510206,2589232.4285714286,3297631.7346938774,5268439.653061224
Thread std 12 ,302983.5416743131,137619.0912494143,369823.02467828186,329354.25511192856,773841.2178979499,1283699.3371455723
Thread 13 ,2485432.2448979593,2562585.897959184,2528456.5714285714,2606829.163265306,3356035.4693877553,5280263.959183673
Thread std 13 ,171471.1012750558,216407.25293522057,189177.5342938479,389294.70462081314,712525.4006261257,1146848.7857529244
Thread 14 ,2486196.326530612,2528354.775510204,2590515.9183673467,2586707.0816326533,3374874.285714286,5225374.020408163
Thread std 14 ,210171.1510412791,198792.14773374322,370939.9776383885,315144.1380914611,860928.9669944951,1059191.6930116352
Thread 15 ,2479854.1428571427,2574124.2040816327,2519424.673469388,2602657.0816326533,3335096.285714286,5198682.040816327
Thread std 15 ,257443.11876137488,310492.3708880233,170700.46962081312,348920.30140801467,692567.2400345566,1107479.0445879768
Thread 16 ,2527561.7959183673,2574611.836734694,2548667.285714286,2564452.1836734693,3133472.1428571427,5102703.87755102
Thread std 16 ,335098.2309992586,303935.4881185278,222463.00837002465,195866.0252113965,527295.0544891825,1018166.0553748432
Thread 17 ,2526532.163265306,2539478.8163265307,2524755.6530612246,2551131.1428571427,3425268.612244898,5298129.755102041
Thread std 17 ,237971.47736785488,155505.06056123402,142128.4107351739,222074.53374289678,770471.0126898247,1070221.7373634642
Thread 18 ,2576693.8163265307,2537755.897959184,2609459.9795918367,2527553.0816326533,3340043.714285714,5310653.346938776
Thread std 18 ,444876.91084429336,183576.61182213144,409411.44965407817,155327.03326380398,688633.6261682138,1255897.5571711578
Thread 19 ,2476401.2653061226,2554539.0408163266,2576073.387755102,2571974.9591836734,3399692.897959184,5147154.897959184
Thread std 19 ,159877.53343585305,270408.05747771886,306798.26541779423,253882.03570473756,871152.6106719727,1062115.0725850684
Thread 20 ,2520318.8571428573,2542484.6530612246,2544128.7551020407,2589431.0204081633,3391326.9591836734,5102308.816326531
Thread std 20 ,620250.0838651024,145315.8581882284,274058.4285035105,301281.2369112461,750074.690851267,1183638.274561931
Thread 21 ,2490246.5102040814,2655300.9183673467,2529296.3061224488,2640236.6938775512,3365398.326530612,5137495.530612245
Thread std 21 ,186961.45140232367,842268.7834149905,163464.34672126055,348697.0121169669,982546.9117191131,1142970.2699562025
Thread 22 ,2498555.2040816327,2538961.673469388,2611307.3673469387,2539032.551020408,3317828.836734694,5054424.224489796
Thread std 22 ,204767.67955834116,125253.18498751304,436205.42092314403,187629.13599861268,784646.7180611005,1161426.9338441375
Thread 23 ,2501174.285714286,2547379.3469387754,2554233.612244898,2584925.714285714,3410011.5918367347,5193537.102040816
Thread std 23 ,222113.87284988526,167367.34830052112,226531.73725668993,257119.41034703763,925513.5698865594,1231264.603235011
Thread 24 ,2486425.775510204,2533951.612244898,2512311.1836734693,2611788.9183673467,3265872.285714286,5359664.857142857
Thread std 24 ,229555.50667088712,155165.95920884414,108587.432443798,277011.32689249946,645722.1399446902,1187343.5242705843
Thread 25 ,2491747.612244898,2584711.551020408,2644522.387755102,2588509.0816326533,3210396.5102040814,5269054.632653061
Thread std 25 ,244063.16012858372,168229.00463679232,471341.445522989,404316.18882167566,658229.0609697585,1311117.7714680086
Thread 26 ,2629884.7959183673,2519003.5714285714,2584450.06122449,2561785.9591836734,3284201.4897959186,5204559.081632653
Thread std 26 ,1226303.0066464846,136661.9457394474,294602.5064194131,204437.27666348332,574747.5668100634,1236303.1105589026
Thread 27 ,2485068.326530612,2599827.897959184,2526432.775510204,2688295.387755102,3281958.836734694,5069567.734693877
Thread std 27 ,227236.30721952455,405076.2081580681,231912.31655010494,532212.9850896873,715754.7529027299,1153925.9231449063
Thread 28 ,2476144.836734694,2572802.06122449,2540619.4693877553,2565839.2448979593,3248403.93877551,5175662.816326531
Thread std 28 ,204768.33526119086,358986.51835992903,260339.98982197154,228931.82069791824,748505.8986914201,1104954.48393325
Thread 29 ,2477892.5714285714,2527952.6938775512,2577664.224489796,2610545.2040816327,3322909.6326530613,5162817.489795919
Thread std 29 ,189636.33490644666,184281.00984052004,335731.51863600186,320439.9333938539,653466.0488541943,1058665.078341531
Thread 30 ,2485877.102040816,2603927.673469388,2609745.9795918367,2589391.5918367347,3289264.2448979593,5295841.653061224
Thread std 30 ,203020.17422970608,402739.26143072534,387782.3505675408,287621.94757853856,703530.542371134,1161994.0749583335
Thread 31 ,2455049.9591836734,2588157.102040816,2524305.4693877553,2696319.285714286,3209650.0204081633,5276137.795918368
Thread std 31 ,160274.6660024804,395648.39865251817,241241.5754985983,346080.09495172015,722953.2617119718,1203221.4884676603
Thread 32 ,2540394.9795918367,2609097.9183673467,2521540.224489796,2649472.0816326533,3400017.551020408,5208428.530612245
Thread std 32 ,406725.76345035044,356382.5788806436,168147.41640549936,342487.428960407,849638.6088907905,1304301.9219175589
Thread 33 ,2494082.6326530613,2649826.163265306,2541354.5714285714,2583032.5918367347,3419362.8163265307,5248489.591836735
Thread std 33 ,296504.7499906686,828822.5268250371,221891.7516385148,306872.1680025413,659175.3197833535,1051978.0274497957
Thread 34 ,2605017.5918367347,2587626.1836734693,2514481.9591836734,2573326.326530612,3293321.8163265307,5190919.918367347
Thread std 34 ,655578.0587521888,210238.3423966588,126387.09456977787,245753.74765702858,787311.5706882048,1100369.8968037753
Thread 35 ,2511566.448979592,2548544.1224489794,2551641.4285714286,2602316.8571428573,3225843.7551020407,5188410.87755102
Thread std 35 ,347317.17797431815,217325.52236541698,196956.52049944934,319311.8281186903,684364.4121203669,1165710.0717888046
Thread 36 ,2468287.4897959186,2553607.1224489794,2513295.163265306,2603830.5918367347,3246706.9795918367,5341506.204081632
Thread std 36 ,152037.88755426533,171619.71920688884,143224.8155826396,358848.13904891803,621221.3608739335,1105772.1356467952
Thread 37 ,2459199.8163265307,2559286.06122449,2556787.102040816,2590989.0408163266,3396098.8163265307,5260152.87755102
Thread std 37 ,157514.45822879687,188118.13477311804,263964.9679947484,350050.6422119495,770513.5709001895,992593.7200946826
Thread 38 ,2621212.9795918367,2609132.285714286,2581146.224489796,2617853.4897959186,3241965.0408163266,5307265.755102041
Thread std 38 ,746363.3653444628,488894.58156564797,400055.6186910279,390863.4012459427,589449.7761195732,1304107.0292292049
Thread 39 ,2480500.3061224488,2578162.2653061226,2597715.448979592,2668731.4081632653,3539722.775510204,5137144.489795919
Thread std 39 ,207691.91719248935,262794.56467899785,417746.26632308465,615050.1307777318,966637.5896105716,1090927.2663590503
Thread 40 ,2483074.7551020407,2554881.551020408,2563078.5714285714,2567553.6938775512,3535237.4693877553,5139977.571428572
Thread std 40 ,298878.81558058853,272364.05565438065,367831.88359776995,288320.2591722155,902409.0705842635,1161019.9704837303
Thread 41 ,2478358.775510204,2644876.6326530613,2590150.4081632653,2645888.4285714286,3282882.7346938774,5192593.224489796
Thread std 41 ,151088.3956016126,553429.2495047618,383098.96737075434,511339.265124356,875633.0039386691,1126277.2211605154
Thread 42 ,2506068.714285714,2587679.4081632653,2551514.775510204,2558695.9591836734,3221876.06122449,5270996.857142857
Thread std 42 ,409403.20092732745,344391.556589717,218128.61998641473,230922.42851550452,677009.1977410773,1207716.602502511
Thread 43 ,2515975.102040816,2595072.2040816327,2546354.551020408,2543522.6326530613,3308063.612244898,5111539.367346939
Thread std 43 ,259158.77779101982,340090.61238048377,208454.92332387087,207737.01834327437,852784.1146602994,1236610.4811120413
Thread 44 ,2482731.163265306,2508811.06122449,2528974.7959183673,2535381.7959183673,3285203.7551020407,5130912.0
Thread std 44 ,198025.7154835312,142166.69592893525,176071.7766836605,222910.1979610642,799047.1527138727,977221.286022452
Thread 45 ,2496958.5918367347,2543048.102040816,2538953.7346938774,2617700.0,3463229.3469387754,5097523.673469388
Thread std 45 ,226095.0825932089,265244.0751510174,229457.5775340233,274122.3425318064,776586.9385856654,1032556.7775021782
Thread 46 ,2464403.1836734693,2575124.9183673467,2534855.0,2570974.0,3274216.9591836734,5224984.367346939
Thread std 46 ,159704.62800858778,273878.03479992365,141538.52264813514,186682.9909291417,576744.6107492379,1063765.6633865156
Thread 47 ,2510465.9183673467,2519377.448979592,2547891.4897959186,2716856.6326530613,3281692.9795918367,5146767.571428572
Thread std 47 ,223399.0052835058,125103.66111899985,236827.43003390342,518879.0992312056,670878.312841814,1128768.743544801
Thread 48 ,2653396.326530612,2560322.7959183673,2557781.4897959186,2633570.102040816,3433652.3469387754,5254879.530612245
Thread std 48 ,1161465.9314576772,225971.16529668294,347078.5749451605,285437.8130707169,761036.1591599572,1232387.6060533556
Thread 49 ,2474653.0,2523596.4897959186,2546640.612244898,2559190.9591836734,3248652.714285714,5288333.0612244895
Thread std 49 ,297322.9080859871,152214.65062428048,205463.23507653957,284799.422028466,743027.2764663489,1130085.422253546
Thread 50 ,2509961.836734694,2530963.897959184,2535830.6530612246,2550910.5918367347,3157936.93877551,5182213.326530612
Thread std 50 ,237036.73235082394,173169.82734217454,207137.3812929428,226238.36585050056,606234.1867338482,1169100.8084504942
Thread 51 ,2435426.93877551,2566430.326530612,2524522.3673469387,2576281.0204081633,3406733.163265306,5193011.693877551
Thread std 51 ,110876.2760186642,198363.9404604984,186744.1348815376,322555.1143189518,792424.1683150021,1198044.1183888747
Thread 52 ,2579526.9795918367,2571917.2653061226,2519749.9183673467,2600905.4285714286,3301157.775510204,5594669.224489796
Thread std 52 ,752211.1235536283,477002.27168981143,212511.12740237048,304426.74691096327,899985.7605613654,1214142.2351725874
Thread 53 ,2482130.9183673467,2478944.06122449,2667025.673469388,2597283.0816326533,3372485.387755102,5114103.142857143
Thread std 53 ,280798.03591399966,123832.42201987602,448648.9207034729,222735.5892258461,975452.5483798496,1007778.4334671486
Thread 54 ,2485758.102040816,2563606.1428571427,2509706.2448979593,2570950.6326530613,3318406.93877551,5121935.408163265
Thread std 54 ,182476.70118929396,278361.6611884319,113396.1991706752,249194.9120261833,748404.3666579198,1123881.5337262147
Thread 55 ,2470311.836734694,2527180.448979592,2554500.6326530613,2604940.387755102,3352073.0,5134181.3877551025
Thread std 55 ,188659.5750320255,208769.1254268757,284670.08570490376,290249.9636923474,752042.9701064571,1118405.2966038077
Thread 56 ,2444708.102040816,2581480.387755102,2534215.4693877553,2704719.612244898,3311330.4081632653,5160687.653061224
Thread std 56 ,169640.62347691137,451529.94478157326,180255.78968049143,607300.4718501451,731212.5721734106,1241393.205748578
Thread 57 ,2485028.6326530613,2612756.3469387754,2541239.1224489794,2639203.2448979593,3335603.551020408,5256323.530612245
Thread std 57 ,237354.91271631725,564973.4471185552,230758.11476573194,406902.00005885586,735466.4922355139,1227136.5569585513
Thread 58 ,2491122.0204081633,2537163.8775510206,2614327.06122449,2531958.7959183673,3281717.9591836734,5225436.673469388
Thread std 58 ,267265.9126542242,194660.71874938288,434602.1282361512,164049.49035643935,848025.1342314134,1200278.5060657694
Thread 59 ,2457807.93877551,2581513.8775510206,2599451.6326530613,2565685.3061224488,3419716.0204081633,5180575.3877551025
Thread std 59 ,255279.09297084436,186466.29137601887,434528.8005116717,236579.90548766006,1048604.5338154675,1162802.0905026826
Thread 60 ,2574385.897959184,2518137.9183673467,2594384.1224489794,2587399.5102040814,3405799.714285714,5232818.285714285
Thread std 60 ,914805.270880349,143186.19211738443,407504.38455471623,260848.03679178827,837695.9198948874,1232582.6431331593
Thread 61 ,2464861.7959183673,2571595.4897959186,2600488.1836734693,2604291.551020408,3328759.163265306,5392434.693877551
Thread std 61 ,162366.6598226295,267766.55048817885,249284.1201040887,268995.29205863597,794087.5283725904,1290992.582806898
Thread 62 ,2492369.2653061226,2594260.5306122447,2533034.7551020407,2623552.5102040814,3230432.8163265307,5219168.653061224
Thread std 62 ,207444.28529163514,430886.8054007486,220607.3820035958,362997.1136874531,789742.0886526466,1011714.963655598
Thread 63 ,2526476.836734694,2606742.387755102,2500306.93877551,2623906.285714286,3201364.0,5176398.183673469
Thread std 63 ,341009.2838588579,505448.0208971714,136547.6053597255,405389.8871269382,672486.8974727624,1077908.2334895728
