Configuration : nrThreads: 64 ,nrServers: 1 ,read sharded: true
Times in queue ,20009.56,16777.22,42054.28,103149.72,174960.68,309055.7
Parsing times ,4003.94,3188.28,3516.24,3604.7,3593.84,3342.06
Service times ,2192193.38,2159836.88,2096513.26,2091364.04,2180139.86,3248312.92
Throughput ,340.82,709.8,1380.34,2626.02,4643.76,5928.68
Times in get ,2187126.4,2155399.4,2091839.42,2086511.7,2175186.04,3243623.84
Times in set ,0.0,0.0,0.0,0.0,0.0,0.0
Times in mget ,0.0,0.0,0.0,0.0,0.0,0.0
Times in mget only memcached part ,0.0,0.0,0.0,0.0,0.0,0.0
Number of gets ,340.82,709.8,1380.34,2626.02,4643.76,5928.68
Number of sets ,0.0,0.0,0.0,0.0,0.0,0.0
Number of mgets ,0.0,0.0,0.0,0.0,0.0,0.0
Number of misses get ,16.28,34.22,66.08,125.5,219.3265306122449,291.2244897959184
Arrival rate ,340.82,709.8,1380.34,2626.02,4643.76,5928.68
std Times in queue ,2841.841183573259,2303.3410807532855,13629.779251719825,16339.649220674657,25179.420377533945,49968.86740853585
std Parsing times ,554.1578427613179,393.3693824135378,1147.7026664655987,791.7401204734713,1111.668104191872,743.1769479191125
std Service times ,104702.51468958154,64556.99791139799,35702.52905282419,54264.99926793869,129747.84792380007,367010.5331795371
std Throughput ,15.244523941536569,23.57705560540604,46.733115471073106,60.251002193375356,378.22170153258537,240.39130005650608
std Times in get ,104727.4161299958,64493.30814012523,35724.78405361106,54350.477516348474,129402.78807423788,366896.26289558935
std Times in set ,0.0,0.0,0.0,0.0,0.0,0.0
std Times in mget ,0.0,0.0,0.0,0.0,0.0,0.0
std Times in mget only memcached part ,0.0,0.0,0.0,0.0,0.0,0.0
std Number of gets ,15.244523941536569,23.57705560540604,46.733115471073106,60.251002193375356,378.22170153258537,240.39130005650608
std Number of sets ,0.0,0.0,0.0,0.0,0.0,0.0
std Number of mgets ,0.0,0.0,0.0,0.0,0.0,0.0
std Number of misses get ,3.7418755528559764,7.941855024142017,13.29851917488928,25.09593836557979,41.92472806267504,49.81434921541283
std Arrival rate ,15.229790891940864,23.540672575483537,46.75276265983145,60.27233771704521,377.97281837265956,239.64194719861308
Thread 0 ,2221202.1,2176518.36,2089140.18,2058473.4,2172581.76,3282683.8
Thread std 0 ,241055.30271866187,185568.54925356247,87209.10169071592,66460.53130257392,161010.22687427182,447385.188918216
Thread 1 ,2167752.2,2160005.82,2082032.38,2102128.26,2180175.54,3248768.48
Thread std 1 ,223933.61573202076,123832.98875331719,85450.06823916025,102807.89095971224,156633.06136033547,410799.2096703762
Thread 2 ,2214974.9,2166598.68,2104013.78,2090662.2,2190683.44,3233649.28
Thread std 2 ,272812.9735360876,157920.05959053835,116661.52219016399,111613.32074458072,187767.9189618712,413551.0466430385
Thread 3 ,2174603.84,2160255.2,2090246.82,2081423.42,2168425.52,3275215.92
Thread std 3 ,258205.10560329078,127230.00350722695,78764.97555973798,95095.15175694891,173660.99461356617,430333.45028467383
Thread 4 ,2196820.86,2182084.36,2084474.48,2109103.0,2176364.64,3236239.3
Thread std 4 ,220478.33279994954,168298.23006548194,94202.31982958328,133327.56495158217,193502.77243394434,412381.0169997708
Thread 5 ,2138126.3,2164768.84,2088034.48,2069504.44,2204221.12,3312175.4
Thread std 5 ,214872.0555846987,156498.25027128536,79391.69438085356,59295.70840758673,218417.4138002027,486050.07607241464
Thread 6 ,2167578.0,2159179.06,2093358.52,2082144.72,2178151.72,3218912.82
Thread std 6 ,200608.47831138186,156872.38690906487,107831.93495042484,80004.37416282501,157230.3195841446,444954.56676419656
Thread 7 ,2141045.98,2146720.12,2123010.96,2088831.48,2148665.28,3293127.3
Thread std 7 ,209237.8756032444,130829.16415000666,147762.64428411904,88878.85724784755,141833.37619797364,409617.7675268538
Thread 8 ,2161134.76,2166440.46,2085612.24,2083438.58,2151466.62,3252058.74
Thread std 8 ,207143.5387647465,141896.30124261556,72330.09489029573,90980.17547124859,158233.80703171686,444014.32380111766
Thread 9 ,2203587.12,2152185.98,2083909.96,2107773.22,2176828.72,3208273.3
Thread std 9 ,232573.29841777642,118200.97619706178,87847.69501859455,206599.30517913567,165821.95716577265,372112.6164904344
Thread 10 ,2173678.4,2121871.88,2130966.96,2103896.76,2189010.32,3216003.3
Thread std 10 ,205639.72776351625,101615.04739780804,219595.21230059938,86247.82955034466,197787.5852953282,422497.13314831007
Thread 11 ,2233675.58,2183988.66,2104476.72,2082107.74,2186996.36,3247935.18
Thread std 11 ,291512.6785555934,205268.56155038375,99026.6213374557,82200.55458669116,184814.3098635968,414311.952238037
Thread 12 ,2212825.88,2155655.82,2099572.3,2078849.96,2163016.56,3237491.24
Thread std 12 ,203194.84045068966,145912.99946476214,112275.38344373967,108114.36515248517,147561.50641642313,408805.1276784906
Thread 13 ,2180259.1,2157393.06,2080255.9,2069754.54,2164790.46,3273236.52
Thread std 13 ,255714.37471780178,123722.47228050532,72558.60021888853,72236.43775971136,139901.25704577556,422131.43169833167
Thread 14 ,2159537.94,2176280.56,2086570.72,2111140.18,2169603.84,3181085.82
Thread std 14 ,172287.626866239,134387.05972616287,77114.90505495215,123415.3414919684,164506.48603234033,411902.525029182
Thread 15 ,2192438.78,2159615.14,2095714.38,2083080.74,2217185.98,3265705.32
Thread std 15 ,203887.27676344063,145671.48523220152,71457.1078890901,107945.05607867819,214736.5734171009,456416.2751432628
Thread 16 ,2231060.66,2183429.7,2103011.64,2080014.68,2194759.06,3278984.66
Thread std 16 ,449325.5189312546,177022.92491920074,104879.96255832238,83851.11118717557,241067.00554455977,443032.91019680863
Thread 17 ,2223652.28,2156221.06,2105233.58,2102337.6,2173847.82,3223536.6
Thread std 17 ,549266.6905954847,129813.50878093057,115453.39849322897,149010.67747607065,151231.79648793087,459933.0020859516
Thread 18 ,2152209.04,2173455.62,2116398.0,2079205.08,2187641.66,3246464.16
Thread std 18 ,232329.56134019833,153531.73924776755,143393.74257317805,93644.22169079682,178621.3124724254,395109.46744954056
Thread 19 ,2188573.38,2198949.56,2119546.28,2086897.8,2199096.86,3272990.5
Thread std 19 ,186959.88705229727,205351.20020938542,185335.66649147263,112464.81544746632,197348.87001770677,399959.76974947244
Thread 20 ,2196768.46,2150817.98,2096358.9,2102693.68,2183048.76,3170040.0
Thread std 20 ,316732.33638658765,122556.81175025461,87851.51922518738,164653.0288477945,185712.00833697713,389345.8104528462
Thread 21 ,2170530.0,2172503.52,2102613.34,2097678.7,2183306.84,3270644.04
Thread std 21 ,252190.25312332783,135328.70052583003,124108.57793301604,107833.15638072834,235049.22306070974,401169.3274575885
Thread 22 ,2188163.34,2168429.92,2107962.36,2089797.2,2183952.38,3207114.46
Thread std 22 ,254269.5081018395,160039.27584608848,116312.97901233938,92814.58085355129,178955.6954335848,401130.8753607507
Thread 23 ,2194550.32,2134936.62,2105617.22,2084986.0,2161949.34,3260532.68
Thread std 23 ,200980.53112631055,119563.60696331113,124730.46565168154,109623.86395864948,152369.55649055008,414102.2401040613
Thread 24 ,2207680.82,2133117.58,2094178.84,2085572.08,2173917.7,3275887.7
Thread std 24 ,311985.03553710616,126198.22729617698,94533.97256690316,131006.08587543416,152953.30801064082,398858.32056484185
Thread 25 ,2197045.66,2173308.72,2083181.72,2087977.58,2197019.26,3240433.82
Thread std 25 ,228278.2333109662,127681.6660108559,76483.07334974216,88516.26648620432,233223.27912852445,467791.0880923231
Thread 26 ,2195377.16,2167983.44,2124570.88,2085607.4,2191450.86,3257564.14
Thread std 26 ,196499.50040715013,125187.79083769656,143523.50085295213,131066.93566920028,190323.06423263147,427494.4147325327
Thread 27 ,2208383.76,2142771.0,2101147.06,2086632.76,2199924.08,3249986.16
Thread std 27 ,285228.0259832623,136488.8718047395,103806.55552485643,105225.6089355609,183530.68174134387,444469.8619541317
Thread 28 ,2250450.48,2173875.84,2103352.52,2103272.24,2197896.68,3216962.2
Thread std 28 ,317437.54381483217,118375.7700931975,101617.06999925892,119451.90911648874,212475.6323951814,409353.10301583627
Thread 29 ,2138406.3,2159175.36,2081508.02,2086160.5,2184245.94,3267176.32
Thread std 29 ,128305.39217839215,137581.56353525908,102659.07426804033,72658.60913532265,171048.66050175697,437634.63285030134
Thread 30 ,2162080.92,2174074.8,2097387.04,2090069.22,2170023.06,3261784.86
Thread std 30 ,242424.12035141367,130834.19036899415,106748.74175025985,93220.45817030307,178377.52163415452,423296.4364966659
Thread 31 ,2187838.98,2153198.52,2080122.02,2096007.02,2191331.54,3280352.8
Thread std 31 ,245868.1282212894,118017.25826028624,72781.55111449774,109884.32055138898,186497.5076976557,365523.4046726275
Thread 32 ,2220436.6,2152919.82,2093065.36,2105458.08,2169352.26,3270701.52
Thread std 32 ,333813.4823144475,127127.70719830335,74690.15862876584,123101.70344447815,168682.1863245101,487677.03768351127
Thread 33 ,2130508.94,2145258.1,2083652.94,2094010.56,2211886.64,3269154.44
Thread std 33 ,165929.99437559838,123291.75682084098,94896.16483152004,113245.1145414968,193339.8150253357,421523.0582872098
Thread 34 ,2206916.78,2149939.22,2098298.22,2073597.3,2174681.12,3261262.12
Thread std 34 ,223019.16344458392,122246.67951290213,88176.89532638123,97309.23403657904,173147.9910208511,364508.75646919647
Thread 35 ,2198667.32,2158685.68,2099006.26,2125917.86,2168617.38,3288652.8
Thread std 35 ,310594.22358200373,120991.76432934667,102556.22907435428,166097.86245758855,163375.4689409306,488720.1912185061
Thread 36 ,2158408.1,2139771.74,2097616.7,2067266.88,2148171.94,3200497.36
Thread std 36 ,195285.43409774554,115713.32579422125,114190.5739335586,60447.14043797409,152123.55040054026,344342.757926516
Thread 37 ,2329820.56,2133720.76,2091121.6,2097463.46,2200618.46,3252698.38
Thread std 37 ,854492.9813644752,114408.7108456773,90206.12393279956,117292.2321738959,262292.9031411499,461123.506231708
Thread 38 ,2181069.28,2154311.46,2112007.02,2070033.8,2153681.8,3194195.36
Thread std 38 ,276816.68774760066,125280.23718117649,137610.06541162397,65198.50115624138,145146.02341315817,360124.8823475365
Thread 39 ,2172407.54,2136345.32,2099278.58,2084100.64,2193761.28,3269815.36
Thread std 39 ,183076.7466099228,134115.04576561062,88592.21019196637,71536.87586183671,186837.6154661123,420512.6796496789
Thread 40 ,2149469.84,2168364.84,2076783.84,2088273.32,2173785.08,3215427.74
Thread std 40 ,221996.20991684357,150030.6360961069,84328.4493235872,122708.76178344447,206463.71626371072,430161.4553884039
Thread 41 ,2130714.98,2169854.56,2065903.38,2110751.24,2147518.64,3259944.1
Thread std 41 ,172928.69363723655,145464.80936907744,71867.44636265705,175196.43892226595,180256.5934015311,432026.67805409787
Thread 42 ,2202523.22,2145735.04,2103173.14,2113154.02,2174572.84,3253969.48
Thread std 42 ,251018.7507234201,112743.52367697406,97954.27186338595,107478.00676844524,155240.1447796232,441751.3652581487
Thread 43 ,2196462.4,2165040.6,2093961.68,2087517.24,2166411.24,3210719.24
Thread std 43 ,347441.0250980498,166552.19091777268,88122.36661283292,117230.6305270852,218804.6462059912,422719.63921075617
Thread 44 ,2172299.0,2152416.4,2098031.26,2075452.22,2196541.38,3216726.7
Thread std 44 ,228708.7073870452,132606.31479607566,100236.8781925503,87880.40695759347,192297.8844414274,405383.3984589056
Thread 45 ,2165838.2,2181741.14,2106405.48,2084266.28,2158632.76,3304494.0
Thread std 45 ,302460.19139863347,118467.43842551188,101650.37114365325,83479.1618229046,129462.03968046748,441508.9348938502
Thread 46 ,2172058.5,2149150.0,2115852.0,2105870.34,2195490.08,3238372.02
Thread std 46 ,211198.774845342,114749.01649145017,164443.78498366883,136120.48357734783,204694.89425382673,373090.8963766911
Thread 47 ,2173402.92,2128293.76,2092387.0,2078883.52,2186543.34,3268969.74
Thread std 47 ,315436.387780215,108900.49647523866,87866.62287437101,73632.25721642184,158993.7944939233,456625.5975940852
Thread 48 ,2173466.28,2144782.2,2107455.6,2118709.7,2145854.92,3272159.42
Thread std 48 ,230094.61378258452,113720.9102131806,124455.62150700093,159904.45890596736,138406.76510404,392816.40966903226
Thread 49 ,2190778.8,2143290.32,2112845.36,2085596.44,2212567.82,3206053.2
Thread std 49 ,216508.3692604901,115221.09701617058,119972.11016915216,134408.28855093053,228321.52018417328,421516.94333200797
Thread 50 ,2256143.02,2145577.38,2093425.92,2090054.12,2203589.16,3272441.56
Thread std 50 ,599741.6173354851,113942.0455299383,86397.72637192698,91934.5085401337,195826.7305736312,457726.88628095196
Thread 51 ,2210942.0,2164867.2,2109853.0,2111611.12,2189182.58,3289380.72
Thread std 51 ,263226.00926115,155188.1529550237,90476.03032013394,118860.94128282162,227302.17567272577,433949.7657996757
Thread 52 ,2228657.76,2161004.9,2076433.8,2092813.2,2195499.0,3248220.58
Thread std 52 ,603858.0861272352,132635.51116334277,69994.7202988503,97593.68083486737,194609.50705178504,418496.45730971155
Thread 53 ,2151938.48,2161464.98,2086304.16,2093302.58,2194235.14,3252268.08
Thread std 53 ,201220.4271873986,149504.61328292562,113496.41727337586,89002.37945663277,215190.32200717443,445518.8692962553
Thread 54 ,2124394.84,2157614.9,2068007.82,2089965.6,2186832.04,3244548.6
Thread std 54 ,156489.64063820938,138028.30032031957,60769.91237671041,123299.26715954815,209823.85939610374,415169.9417736387
Thread 55 ,2204309.36,2176263.22,2132950.04,2103100.0,2212357.88,3228152.94
Thread std 55 ,348650.5066252906,135053.06565973788,159973.55566416317,156386.3358359805,240990.4761609284,415713.5883682619
Thread 56 ,2144497.8,2181924.26,2072440.06,2083543.66,2146308.26,3264190.38
Thread std 56 ,154936.2313434077,182862.20236480402,58673.2367666025,73586.73945748704,159581.79645571442,435326.3205712675
Thread 57 ,2140127.7,2176399.46,2099876.92,2099690.74,2156508.46,3296712.94
Thread std 57 ,195160.97205329174,169775.38909925806,100607.55859863186,103555.42450357054,182267.4411224196,415574.04721403564
Thread 58 ,2169080.18,2181014.46,2101155.98,2089499.82,2203206.58,3325300.24
Thread std 58 ,234811.5113887759,150806.3695837446,122480.46359276063,141619.05262728097,217897.4867794945,487323.06886908406
Thread 59 ,2230483.78,2157677.36,2064950.98,2093750.24,2127268.2,3236851.12
Thread std 59 ,253760.92245681625,101408.26506302258,63737.71515134409,97706.1751436752,119667.30803100637,384065.50633228046
Thread 60 ,2160098.4,2207225.02,2080786.4,2120905.76,2187890.64,3239821.42
Thread std 60 ,194134.32516540858,222585.32302243018,75465.8478670035,194521.9737961063,220540.9854422233,425021.2329465334
Thread 61 ,2176143.46,2133083.6,2093014.72,2072536.94,2194497.8,3259835.2
Thread std 61 ,249562.69506243296,145937.7517548674,106492.501354108,66197.7363234066,176795.1878218963,427118.3132298189
Thread 62 ,2522661.9,2163137.1,2110348.82,2092939.16,2169682.96,3202201.64
Thread std 62 ,1895853.2159144813,142803.0221203462,125903.03521615519,158022.12771548476,157614.2498534175,400439.08342752454
Thread 63 ,2231083.06,2148197.1,2086383.98,2095104.58,2168396.78,3235335.12
Thread std 63 ,416911.4291743761,131802.96007766554,75922.38657688655,130030.32251105971,166769.70374610266,424597.3796052184
