Configuration : nrThreads: 64 ,nrServers: 1 ,read sharded: true
Times in queue ,19580.82,17624.64,34968.9,104990.24,165961.08,257628.28
Parsing times ,3496.44,4129.62,3583.82,3914.44,3030.9,2797.46
Service times ,2182338.6,2151407.16,2127305.48,2094102.66,2072206.8,3807999.1
Throughput ,355.12,700.1,1382.02,2687.6,4975.7,5977.0
Times in get ,2177577.04,2146635.32,2122531.38,2088895.62,2067930.94,3803891.1
Times in set ,0.0,0.0,0.0,0.0,0.0,0.0
Times in mget ,0.0,0.0,0.0,0.0,0.0,0.0
Times in mget only memcached part ,0.0,0.0,0.0,0.0,0.0,0.0
Number of gets ,355.12,700.1,1382.02,2687.6,4975.7,5977.0
Number of sets ,0.0,0.0,0.0,0.0,0.0,0.0
Number of mgets ,0.0,0.0,0.0,0.0,0.0,0.0
Number of misses get ,17.06,33.66,66.1,127.62,238.16326530612244,292.59183673469386
Arrival rate ,355.12,700.1,1382.02,2687.6,4975.84,5976.94
std Times in queue ,2175.52235050597,3282.584290289762,10825.128725727534,14219.538217709392,23565.21727846413,50709.58436922542
std Parsing times ,299.08726185526797,2562.1392280829778,1581.329325702439,1981.8445454800385,370.3337849088278,432.12352778494505
std Service times ,59038.44923921554,62016.52351290693,42819.666024605736,46899.32506046264,66014.47750953681,276353.95728786534
std Throughput ,12.52530499852688,19.227159786858476,32.18536237205367,66.5613113096888,258.1070217833633,212.27735034475003
std Times in get ,59008.97322180962,62129.77984517405,42560.33251552725,46283.39472489909,66086.54335914076,276571.6222607239
std Times in set ,0.0,0.0,0.0,0.0,0.0,0.0
std Times in mget ,0.0,0.0,0.0,0.0,0.0,0.0
std Times in mget only memcached part ,0.0,0.0,0.0,0.0,0.0,0.0
std Number of gets ,12.52530499852688,19.227159786858476,32.18536237205367,66.5613113096888,258.1070217833633,212.27735034475003
std Number of sets ,0.0,0.0,0.0,0.0,0.0,0.0
std Number of mgets ,0.0,0.0,0.0,0.0,0.0,0.0
std Number of misses get ,3.9352410915952265,7.153163992391116,12.843246458424629,24.12458310943594,43.44121839661398,46.80852769855213
std Arrival rate ,12.513894318732603,19.245195530843745,32.04173936016099,66.41428417785697,258.1305918502872,213.33784742247948
Thread 0 ,2241369.92,2123474.04,2118431.1,2089896.36,2058542.92,3845165.94
Thread std 0 ,263809.0222252886,114325.18241865872,94867.76084059411,115290.86923485735,89897.53161121493,361006.35052560037
Thread 1 ,2223131.82,2138336.0,2140996.32,2097530.7,2087426.46,3817804.14
Thread std 1 ,222738.00762327775,140042.3927698105,167959.48074150726,121195.18079430926,122814.09447619836,341240.37490936817
Thread 2 ,2228332.72,2147140.82,2131264.16,2080100.96,2066408.7,3842848.9
Thread std 2 ,223693.50972923022,162584.02117143327,98235.8919360112,77419.70045781603,112473.88937632936,462875.12102819624
Thread 3 ,2193348.58,2127462.6,2121230.48,2107068.68,2063630.52,3796344.22
Thread std 3 ,297874.53378802334,118396.84200473373,91677.6998429803,79565.69226680246,81346.0370606902,340816.7797331659
Thread 4 ,2134362.82,2208419.24,2107305.72,2080737.88,2065841.2,3863897.5
Thread std 4 ,142626.83771306212,226188.43091948534,72870.16273861787,86690.20387743838,87795.7867905019,378809.8691430484
Thread 5 ,2183575.02,2133789.58,2169220.96,2094359.98,2070711.24,3865404.4
Thread std 5 ,234968.76173544727,119000.73013120034,164101.25452317536,91199.33180843877,106869.20651833995,397957.4415126136
Thread 6 ,2172424.4,2167927.18,2129381.0,2096338.1,2079486.46,3781022.74
Thread std 6 ,167688.0821207844,140111.21207137493,92875.66187486298,110188.00757596637,114543.10931861386,407526.43414053327
Thread 7 ,2137769.6,2173707.2,2128201.9,2096186.58,2051722.9,3875842.06
Thread std 7 ,178768.64031924563,184817.7084420081,130096.1459946576,111116.60559714847,93054.04889857487,385584.1107089352
Thread 8 ,2143157.88,2115260.42,2139729.02,2092636.28,2079243.06,3752384.24
Thread std 8 ,186531.62794076023,112097.14017471907,118633.86028216635,123682.77155807654,116089.91376926553,365496.38272196235
Thread 9 ,2150307.46,2141892.64,2107203.46,2090043.06,2065217.66,3808563.08
Thread std 9 ,168786.52060954974,149781.4865027377,94992.89202521782,85959.5048545131,94442.76266620382,328442.90672678006
Thread 10 ,2128702.1,2145262.28,2114141.74,2122473.28,2065630.84,3814787.9
Thread std 10 ,168605.5387856338,125970.3439756698,73158.65058808697,176942.76909285254,137550.2060159675,349291.1715329596
Thread 11 ,2181520.38,2148191.66,2107756.34,2087211.82,2067187.04,3795726.72
Thread std 11 ,194902.23539329055,133909.319000463,89385.26324222602,104989.4029736471,100472.61001863917,399835.09313634364
Thread 12 ,2226039.9,2151493.86,2132633.84,2099390.4,2084684.08,3748076.96
Thread std 12 ,335134.44134112896,126824.64978843661,101471.6981697028,121917.1216281029,124805.16804086183,340853.1553664477
Thread 13 ,2141892.9,2135539.84,2135147.8,2099372.94,2066137.44,3743932.58
Thread std 13 ,140054.99651197522,128764.84303382231,151242.26752857043,120461.00886863511,93696.08773684312,306134.59335850825
Thread 14 ,2146439.04,2198148.46,2110350.04,2082935.86,2071940.34,3809182.52
Thread std 14 ,174565.1977259511,392384.8885370239,94066.51089846276,84745.69300211413,86998.64397620439,340781.72997917834
Thread 15 ,2245088.36,2155123.84,2117161.58,2088548.06,2076727.44,3875885.76
Thread std 15 ,230481.0621084588,132160.83575617173,83702.05759402252,130421.80475741011,121993.97847738727,465926.96446583705
Thread 16 ,2187897.72,2164125.08,2107274.0,2107296.54,2062040.28,3769624.86
Thread std 16 ,191379.63268598373,222934.5027024241,98291.24400079841,142814.31965192154,81832.80146938733,371654.77979920054
Thread 17 ,2210158.16,2123949.84,2123846.28,2089246.2,2062335.82,3881131.34
Thread std 17 ,215799.2495252181,124029.2310247311,118315.54287962166,76475.35178055204,99718.41272705694,378862.1171469184
Thread 18 ,2169701.24,2163870.14,2144415.94,2081730.18,2093120.48,3799658.52
Thread std 18 ,166971.74265634385,214714.0429199283,235358.4296227916,59096.29479275537,178137.67102500767,398684.9274305407
Thread 19 ,2175593.24,2145979.88,2119571.86,2096577.06,2073965.28,3895347.9
Thread std 19 ,189100.02203224166,163704.27438208475,94479.79829334645,102770.37962994026,99576.79615375528,329013.36548568093
Thread 20 ,2165614.8,2155508.9,2124496.18,2070635.28,2073542.14,3724851.16
Thread std 20 ,153272.26954364975,120358.96109440496,115867.3539794166,74081.92532761638,112059.81638520618,322318.8874339631
Thread 21 ,2146492.22,2170093.76,2105080.32,2109246.02,2044097.22,3766334.08
Thread std 21 ,181106.76686760306,161591.73739340383,77873.0124650723,113065.55793035135,67715.59090372326,349630.57830824336
Thread 22 ,2175338.54,2149853.78,2117920.08,2091636.56,2081170.94,3778481.42
Thread std 22 ,173401.89786149331,140320.86655223812,88432.77526606737,72015.31815599075,126982.7706875469,321073.66860614374
Thread 23 ,2174464.86,2127920.4,2122140.76,2093919.82,2081747.9,3801095.32
Thread std 23 ,195617.03199259576,129686.5308942596,96351.44681513504,122634.98208724281,99652.21174260949,414025.8220417718
Thread 24 ,2202503.6,2159830.12,2127397.24,2084140.5,2052951.96,3841500.9
Thread std 24 ,217876.78427056337,165477.79313553136,191317.05296253067,63601.30360467689,80166.76033908114,374280.6626101976
Thread 25 ,2183267.56,2161908.38,2115035.38,2117060.2,2082496.84,3805312.3
Thread std 25 ,277974.9198860933,197741.5289985626,116733.5127182701,168427.47749057075,105864.35411052761,420759.6474509296
Thread 26 ,2153414.24,2138775.8,2126951.68,2132144.28,2069393.28,3836413.88
Thread std 26 ,173526.18155354387,141507.62090547115,105937.01368524869,158815.83190422232,110077.36636455622,369457.2889223636
Thread 27 ,2187156.94,2125788.28,2213035.48,2082346.7,2055574.84,3812192.04
Thread std 27 ,197162.96189570214,138692.15915186304,294494.132903564,104430.98139866232,63724.14520779132,384138.3336479647
Thread 28 ,2181326.28,2143171.92,2116888.06,2106194.82,2057027.44,3850963.08
Thread std 28 ,177399.21138276273,161031.9960960782,90812.03777356925,114841.11027311978,77270.05667513101,370119.536705061
Thread 29 ,2173885.46,2187520.7,2145717.14,2078869.7,2059425.64,3891889.38
Thread std 29 ,217018.27941764804,333613.0078210962,203544.02440248543,74165.82128464925,88943.74252892348,416217.7231730317
Thread 30 ,2221117.46,2197555.34,2123221.66,2099006.62,2083809.32,3727458.3
Thread std 30 ,226253.73355342832,354318.09280187706,158428.0804240247,90951.36548186574,108077.24807434762,269378.80038001045
Thread 31 ,2175540.38,2116735.28,2118927.6,2085694.9,2091990.02,3817449.36
Thread std 31 ,169136.5019692783,130844.39027458595,70907.31073416209,82899.62431348122,176013.5265516911,371477.6895346893
Thread 32 ,2212444.22,2165406.26,2122242.24,2094943.18,2066990.88,3769691.02
Thread std 32 ,211905.72800535907,103967.67724846616,140150.89627918758,90537.07549648783,93468.70218325513,353655.87000148854
Thread 33 ,2160707.36,2162276.82,2114164.76,2089513.46,2066317.04,3918343.94
Thread std 33 ,173116.27738035217,174480.78726016264,88979.81796178642,82621.26538046847,79086.81014671184,471809.6921496023
Thread 34 ,2183007.0,2126027.16,2116804.32,2118039.1,2076661.88,3806008.12
Thread std 34 ,199355.1656399877,98205.56027388964,75716.46629189879,151425.64168624755,77643.26526207366,334394.4192330819
Thread 35 ,2168793.72,2130538.34,2129981.12,2085985.84,2080318.08,3916245.54
Thread std 35 ,197749.20197759877,135263.63132539,102604.4189756574,62477.330238487135,111859.25506213013,380023.92796706734
Thread 36 ,2171548.22,2173319.04,2134152.32,2112491.08,2068100.42,3864965.88
Thread std 36 ,232026.32680360004,201680.0327271262,161122.15372112003,183047.53927771366,102045.67482601873,379247.21981199563
Thread 37 ,2141138.9,2149559.9,2117339.16,2089097.32,2085317.86,3818803.08
Thread std 37 ,129760.75261084398,135599.57846560964,92951.27136572415,71273.96354064693,98391.271662416,354330.5006220248
Thread 38 ,2214760.84,2126351.54,2114401.78,2076226.0,2060850.08,3818360.98
Thread std 38 ,221493.45814758944,107234.54120362259,113046.32294614668,65585.83787616323,100630.09021362165,351011.4631037922
Thread 39 ,2195668.4,2157564.16,2131434.44,2096603.28,2091612.88,3786303.46
Thread std 39 ,204649.72851909377,129086.46031109283,93791.37560677216,119609.49926767046,123212.69259055203,341828.8125801085
Thread 40 ,2158107.68,2139249.16,2099980.26,2105947.08,2073495.8,3747978.24
Thread std 40 ,179124.96702541132,130031.90698241751,83437.2460137533,114087.36781865638,103926.91072978516,352053.34098879085
Thread 41 ,2184408.06,2152603.98,2137889.88,2085221.76,2077284.98,3812122.92
Thread std 41 ,195393.0179456121,95033.77560345885,155148.92370822956,91172.51083222084,100413.2580242291,350915.7382658214
Thread 42 ,2190846.96,2202862.6,2141738.28,2098846.16,2073657.56,3806459.58
Thread std 42 ,182016.80788681158,384174.9048746799,106196.3540884295,113031.8020221833,113034.1271558465,362239.9002083321
Thread 43 ,2187760.28,2113694.7,2118765.8,2112925.34,2042911.62,3793406.34
Thread std 43 ,186705.31805069128,106265.33333129014,89346.32861796954,140751.8248285098,75950.49209172449,371870.96261782874
Thread 44 ,2195459.04,2146833.12,2133027.0,2092920.82,2075625.6,3778641.72
Thread std 44 ,249396.25757866382,189975.17472206513,125789.34506060324,137757.92469514732,106975.324831744,411877.61732677
Thread 45 ,2170936.36,2150677.6,2103940.26,2088328.34,2072995.92,3807167.62
Thread std 45 ,254624.19821093525,113809.7893927963,98203.24982523308,101734.37598875229,113597.80614992132,382862.2532450451
Thread 46 ,2219221.56,2175183.32,2123060.32,2088335.26,2062139.8,3739526.22
Thread std 46 ,274980.7431133121,208777.03923871336,100408.57568331828,91858.3796128273,86387.13401701361,344176.91484878556
Thread 47 ,2182996.52,2144496.08,2128202.66,2085681.16,2074651.62,3706247.22
Thread std 47 ,195689.85411742624,231548.15611910349,92481.42861591848,63112.31842706449,96889.41352795684,309552.04027797445
Thread 48 ,2215205.92,2132788.62,2114951.72,2092623.42,2063903.34,3739244.74
Thread std 48 ,186838.16377138492,160275.49037967253,70446.29427198207,97677.39835641172,98016.07999286521,342567.13760769134
Thread 49 ,2136266.38,2149089.9,2130492.44,2113865.1,2075399.52,3893672.34
Thread std 49 ,172185.4868043074,196236.43302313375,122786.79751224336,215662.94745606813,103021.83451653662,380539.91524023516
Thread 50 ,2159652.94,2143008.62,2128756.22,2076845.24,2075476.1,3756256.66
Thread std 50 ,153399.46619581044,167295.9015670688,126432.15189962962,62136.57939146502,97070.23108611746,362622.03488726384
Thread 51 ,2151436.62,2124261.06,2101167.76,2096398.76,2083415.64,3842074.32
Thread std 51 ,183249.6569908408,122700.2087619284,68890.39856223561,147848.55349910585,146910.4031466965,437260.6432764657
Thread 52 ,2190958.92,2162724.1,2150404.64,2095567.2,2085170.76,3802470.22
Thread std 52 ,190976.29714693042,188378.24479165775,131966.56876351184,89723.00152225886,153383.6046267937,408696.98838108283
Thread 53 ,2158921.7,2132024.22,2144615.34,2093367.26,2062749.74,3843740.38
Thread std 53 ,182421.8890588685,165494.02027230285,143996.08326513038,151356.82238876747,86057.1191853529,370978.64838800556
Thread 54 ,2309039.28,2113982.18,2135356.64,2081615.24,2093047.12,3763371.82
Thread std 54 ,819545.6550384299,110195.5094347278,139549.51302889755,92526.95398651603,119776.1467584921,423011.7669016944
Thread 55 ,2132311.4,2159534.56,2119571.68,2069035.48,2083124.3,3795583.6
Thread std 55 ,198278.5349117112,251829.11357085797,82844.38814056934,57207.05107719303,103620.0872357522,426296.39030809805
Thread 56 ,2173222.96,2145528.9,2149811.82,2068674.72,2059696.48,3809775.64
Thread std 56 ,182909.3542915324,387874.323702989,124041.24313599104,51127.73554421497,122914.10374633539,350471.71585344156
Thread 57 ,2153844.38,2170508.84,2125949.16,2079828.04,2075014.24,3861706.84
Thread std 57 ,143038.92364309478,252467.36511974077,111975.54143712431,66629.92532744746,113053.19088467397,372173.0879324263
Thread 58 ,2184225.84,2141574.68,2166158.4,2087305.82,2081218.72,3827917.66
Thread std 58 ,193255.11369165336,118056.38087318747,166504.81138038126,67888.33837752118,97197.02733424454,410685.52598594385
Thread 59 ,2170498.96,2200648.88,2117413.16,2108867.4,2078602.78,3804344.82
Thread std 59 ,195282.10377380947,409963.19382581516,86526.26052277719,121696.57404800027,99928.9121224234,321651.6210030114
Thread 60 ,2163543.94,2169625.34,2120130.88,2077999.32,2071740.28,3797924.76
Thread std 60 ,140075.4051425641,197364.8480955512,86618.87302798605,57728.06085765662,109837.8874377013,359777.28475740465
Thread 61 ,2242129.14,2133970.64,2143723.08,2120209.1,2065673.4,3844065.24
Thread std 61 ,234211.6700286137,108693.81148366888,178739.7222565841,149462.4593549108,91366.6465681106,369587.9644634372
Thread 62 ,2201593.28,2160090.24,2130860.28,2075061.34,2088010.14,3887502.08
Thread std 62 ,220632.96061309517,167928.92774241354,109570.22933484911,73599.3122465676,134930.27354579576,442639.1543027695
Thread 63 ,2216297.62,2180121.28,2143878.42,2126511.92,2083218.32,3765265.58
Thread std 63 ,212580.76933729526,270671.73523232,183034.1367789403,154218.2870516215,151131.22944598412,346230.92091474595
