Configuration : nrThreads: 64 ,nrServers: 1 ,read sharded: true
Times in queue ,22424.6,16445.42,30114.04,102242.26,170398.08,309748.54
Parsing times ,6126.64,5677.12,5246.08,5062.14,3558.92,3394.5
Service times ,2174335.28,2176035.26,2148811.76,2121438.64,2225078.24,3575106.38
Throughput ,356.34,696.42,1353.7,2656.7,4877.58,5630.88
Times in get ,0.0,0.0,0.0,0.0,0.0,0.0
Times in set ,2167138.78,2169198.5,2142269.44,2115178.54,2220249.52,3570220.02
Times in mget ,0.0,0.0,0.0,0.0,0.0,0.0
Times in mget only memcached part ,0.0,0.0,0.0,0.0,0.0,0.0
Number of gets ,0.0,0.0,0.0,0.0,0.0,0.0
Number of sets ,356.34,696.42,1353.7,2656.7,4877.58,5630.88
Number of mgets ,0.0,0.0,0.0,0.0,0.0,0.0
Number of misses get ,0.0,0.0,0.0,0.0,0.0,0.0
Arrival rate ,356.34,696.42,1353.7,2656.66,4877.58,5630.88
std Times in queue ,12355.721862145241,2253.482358122057,9600.212110666924,14198.999633935122,24544.674520139637,41681.707391000426
std Parsing times ,10377.46322814148,6541.264493122075,3209.9433705984566,4160.708053999012,788.6744715285365,814.6979470318795
std Service times ,83496.95982808144,83192.42676428558,50194.67786958116,79737.47591551891,185964.90128390642,443598.29865133925
std Throughput ,13.228926252569346,27.981838133084157,47.74646049495101,96.03023545971851,300.68616020491453,526.5468810649093
std Times in get ,0.0,0.0,0.0,0.0,0.0,0.0
std Times in set ,82759.25351412925,81955.16533764305,49685.03935430849,79956.82660883629,185770.44298561336,443453.7113368522
std Times in mget ,0.0,0.0,0.0,0.0,0.0,0.0
std Times in mget only memcached part ,0.0,0.0,0.0,0.0,0.0,0.0
std Number of gets ,0.0,0.0,0.0,0.0,0.0,0.0
std Number of sets ,13.228926252569346,27.981838133084157,47.74646049495101,96.03023545971851,300.68616020491453,526.5468810649093
std Number of mgets ,0.0,0.0,0.0,0.0,0.0,0.0
std Number of misses get ,0.0,0.0,0.0,0.0,0.0,0.0
std Arrival rate ,13.233553520332709,27.983296767164227,47.7391936698233,95.84439131706547,301.2005291753489,526.2075961877729
Thread 0 ,2194270.98,2160867.76,2142703.58,2151631.64,2190041.62,3590639.14
Thread std 0 ,242131.642716417,160778.3561858336,85300.14224216912,202466.4296290249,235975.48380173923,565807.002233671
Thread 1 ,2114465.84,2175750.54,2178155.4,2124932.18,2208854.92,3675078.68
Thread std 1 ,169508.02680860076,140523.29231813116,225425.80702297416,99592.35619420739,180299.91367626033,611415.0060521016
Thread 2 ,2203008.54,2197465.88,2154926.12,2115684.74,2186434.94,3616389.34
Thread std 2 ,271929.911982527,162130.07314519704,104076.52225374503,107073.01367144816,187325.4611520085,534010.2170646676
Thread 3 ,2163857.98,2163359.3,2136483.64,2096734.5,2239140.26,3512307.18
Thread std 3 ,235721.96342928836,199209.9459735525,130424.57709808646,79762.51308888846,222678.36616563433,560809.9642610473
Thread 4 ,2139270.02,2171170.38,2153137.4,2149903.82,2227872.7,3572772.16
Thread std 4 ,169222.6973624763,160480.5376023472,149115.29343937262,159255.44393561623,233275.28721446215,568954.3320813518
Thread 5 ,2124674.5,2174729.14,2167932.34,2119367.9,2195517.08,3504766.42
Thread std 5 ,188391.75299741433,202296.96102441748,225147.8004974537,147497.544789009,202597.09900806393,516613.9939831163
Thread 6 ,2143126.2,2176190.66,2140598.52,2146535.36,2241132.08,3605200.48
Thread std 6 ,202833.6144678234,174027.51207907635,108293.9430424586,225207.8491690224,286019.05311208963,602100.9352373092
Thread 7 ,2144849.5,2144916.78,2168501.8,2094814.4,2209947.18,3568334.56
Thread std 7 ,145533.7729152549,126608.72573635385,214165.45458907916,85813.46355571818,242113.87274988295,541668.9098318407
Thread 8 ,2262152.06,2197172.56,2142276.5,2131611.54,2250503.9,3555165.02
Thread std 8 ,857277.6846354834,166364.6817566954,120200.41899197748,131226.2883663816,305221.6315906645,614308.9900431013
Thread 9 ,2152911.88,2166046.24,2135321.34,2111189.84,2222061.44,3585501.94
Thread std 9 ,216488.10235458057,154389.9993514384,103747.35527833656,174292.94709797163,210773.87316763948,585117.8367373709
Thread 10 ,2268142.02,2177231.06,2126932.7,2138898.8,2259051.12,3529346.32
Thread std 10 ,640657.6427731209,154453.92166259655,107178.233258523,170659.2605426954,284699.54020189244,561523.4065877356
Thread 11 ,2140474.44,2221790.72,2148368.54,2120578.98,2235324.94,3562455.54
Thread std 11 ,176378.22937492916,345162.838082646,123833.88557326236,123129.03273536479,238284.7365192692,541109.8451300076
Thread 12 ,2197636.58,2140919.94,2142196.92,2130246.94,2202619.16,3594821.54
Thread std 12 ,448095.7444380309,128340.08011297364,171146.09050294562,159071.15920067127,215928.72749716585,572409.1809994825
Thread 13 ,2192656.7,2166097.02,2137153.76,2119997.0,2240334.76,3581621.8
Thread std 13 ,261520.84412202393,174125.48963805812,88164.90737516736,134261.10804058527,250723.96262257363,509520.713395542
Thread 14 ,2211135.24,2150696.26,2169867.4,2121075.34,2235002.48,3645619.5
Thread std 14 ,346300.6974059087,117776.22659783636,130372.58739286494,178158.8457770097,285463.2938966695,640767.8665031431
Thread 15 ,2149648.12,2161275.4,2161328.14,2126985.3,2261164.18,3527491.74
Thread std 15 ,203114.56687123998,163690.78223957538,134605.8366882024,140248.45717587872,265127.774871733,507325.2864212069
Thread 16 ,2147442.1,2184745.78,2130683.5,2129741.52,2206507.9,3493358.18
Thread std 16 ,204783.66568343496,146819.7240642331,105713.16232767008,147656.91523302338,213208.26913877676,537410.2891249998
Thread 17 ,2255960.5,2194577.82,2204090.34,2087430.68,2254188.64,3700944.6
Thread std 17 ,298077.7787368661,340882.16439808346,299884.4322954557,72665.18357042856,346706.80267631187,588475.4131654828
Thread 18 ,2160885.64,2135962.26,2141369.36,2121611.1,2257011.04,3577519.42
Thread std 18 ,212799.90195014235,111800.76936773171,128901.22991936459,127616.54176801113,281539.16128064785,631733.3986565268
Thread 19 ,2264420.08,2182344.24,2168639.8,2096682.94,2247685.58,3601963.52
Thread std 19 ,526337.178262703,167477.44142696,211428.05567330914,114603.87185367459,291877.3835593862,525713.3341971296
Thread 20 ,2152692.4,2194704.28,2168250.22,2123433.72,2213354.2,3508020.04
Thread std 20 ,208972.17977325036,155598.1789953041,195619.54925786066,175117.68901688338,288754.2880392623,525865.5831776926
Thread 21 ,2161368.74,2194811.78,2153994.04,2114588.94,2220423.9,3606668.16
Thread std 21 ,184609.41838022816,193128.17442175862,196570.61277726898,153811.3075004446,239625.69766219115,523904.6698601958
Thread 22 ,2162242.68,2186554.26,2165492.14,2151655.6,2278483.24,3562141.54
Thread std 22 ,188032.02534277973,235624.1541400124,220584.71373259346,223793.31445605,370333.41467405466,577813.6892125319
Thread 23 ,2182087.2,2185498.06,2133112.5,2153760.02,2187131.8,3541415.4
Thread std 23 ,195334.03474905988,181838.71305272097,107584.06877267505,194041.82265134685,228911.62286938136,531139.1577155422
Thread 24 ,2177612.82,2144170.34,2195965.98,2107359.78,2238464.96,3539736.14
Thread std 24 ,228898.51165007602,127378.87014193973,217435.89616623067,94316.09204426163,229114.07778159913,499619.16244018206
Thread 25 ,2135077.52,2179350.02,2157145.46,2125290.46,2266716.7,3518081.38
Thread std 25 ,174790.5927196172,144936.2985247685,115703.58550125101,113383.07343298914,313775.9700290047,463030.394246729
Thread 26 ,2133294.7,2161806.3,2146182.16,2099147.7,2200743.66,3580037.56
Thread std 26 ,215407.07169935678,164271.3503653858,88144.52099201998,83780.35869139725,224449.04308456279,542920.3342195875
Thread 27 ,2133302.46,2251091.28,2155713.76,2142940.58,2215860.12,3557914.4
Thread std 27 ,221462.9679715868,441965.14691587276,89323.42399474676,158249.01403633787,266077.42042646464,545426.4172190116
Thread 28 ,2180875.82,2149821.44,2150315.7,2135627.86,2196181.9,3565273.12
Thread std 28 ,250357.09676679334,142626.42162873884,127663.11773894032,145080.88021303207,212618.66831693624,620703.8512228215
Thread 29 ,2169661.9,2261646.68,2136001.4,2134937.94,2230795.42,3547116.58
Thread std 29 ,211265.4550545308,528240.4342022496,111894.03386458903,135437.97938124256,226629.40850523405,515386.68464554066
Thread 30 ,2176047.36,2158933.12,2175022.18,2150808.02,2240592.64,3581488.66
Thread std 30 ,161217.1781035249,180811.3570812883,185863.6456825151,191305.54541643907,290809.33095792215,644875.5022976586
Thread 31 ,2166547.98,2145982.16,2162313.34,2100697.2,2171862.72,3515951.78
Thread std 31 ,206488.6888768022,141048.74918114557,145317.4281385423,108294.26401057371,231212.35241020942,465145.74221017736
Thread 32 ,2148100.22,2188142.14,2127672.46,2112562.86,2202074.42,3626145.8
Thread std 32 ,163548.20994438254,189357.49065474444,102758.18942729537,113014.80996212807,250525.0025043401,539968.5314616936
Thread 33 ,2153553.86,2174532.66,2190667.8,2128658.12,2226999.52,3532322.22
Thread std 33 ,185805.4426814275,152427.96779082646,168393.93118397062,187840.9489003429,298749.32925422036,593081.2694557435
Thread 34 ,2127071.46,2161690.7,2124112.5,2125206.86,2232493.3,3583107.24
Thread std 34 ,198899.164987957,144278.65091837576,92658.1634304065,132787.6194989747,239911.82806548843,569013.3164587361
Thread 35 ,2162072.7,2173850.5,2134090.04,2129693.3,2263892.04,3698515.88
Thread std 35 ,225349.4260508306,133809.76278364105,142048.4765878788,125529.70955835961,262169.8822142682,661743.8490955711
Thread 36 ,2139012.56,2170397.06,2189274.18,2105144.4,2206751.12,3519943.36
Thread std 36 ,204975.086170138,133959.34365525737,175579.3390937544,100930.55748222869,220662.13532851628,514234.39429476566
Thread 37 ,2172248.1,2208218.94,2133873.56,2116813.12,2241062.24,3614713.94
Thread std 37 ,228342.12395270984,256306.89043270377,80874.88941825327,101446.63763061215,266454.6326247801,543304.0367999475
Thread 38 ,2153671.58,2140073.58,2127858.9,2123524.06,2214483.24,3539391.98
Thread std 38 ,212282.78625793534,118420.23463799572,124578.4097072758,170847.5133948411,194302.45336100235,545313.2298681599
Thread 39 ,2153336.12,2154188.96,2146242.84,2105262.62,2198393.16,3575579.98
Thread std 39 ,226424.82791936008,167548.87707465532,115266.45296882652,89160.34321238681,266678.6116539685,583739.9837105101
Thread 40 ,2321800.24,2152024.28,2133713.96,2093286.12,2185987.52,3661748.16
Thread std 40 ,582104.012220432,119016.3755256685,86947.27390592438,69422.9605847565,296463.7948236416,617222.8785321594
Thread 41 ,2202778.16,2143606.8,2129035.62,2107537.58,2231269.02,3653859.16
Thread std 41 ,246874.0353425213,106834.26815208612,108512.63324399851,105252.96849623283,232182.19635155547,600894.1323982344
Thread 42 ,2165028.94,2173682.46,2141822.26,2154435.46,2212072.36,3530882.92
Thread std 42 ,231718.2596304831,111721.6955734404,110912.60720390515,196550.1899963478,209596.75250354197,537143.1404692582
Thread 43 ,2180442.8,2175910.94,2122860.28,2110857.78,2191640.2,3576277.3
Thread std 43 ,252294.4043876243,166016.6496436869,64794.87584994508,77596.93529538604,199070.15690895283,502703.41641427274
Thread 44 ,2116757.02,2164524.88,2142969.1,2113080.12,2218704.04,3625032.92
Thread std 44 ,138090.35261526328,204117.7723356068,88164.48388104024,106907.46882150957,257749.37075636964,614563.0576717498
Thread 45 ,2199693.84,2214450.1,2130321.14,2123375.36,2271302.16,3604515.42
Thread std 45 ,275092.07117079024,363632.2240414855,112466.98879462818,130823.9932510603,375025.6839263995,556348.4847618621
Thread 46 ,2127076.82,2161885.66,2115533.12,2109288.94,2168736.82,3546088.2
Thread std 46 ,168925.6944857636,187924.12559432664,105963.45296059507,90865.14426389453,201835.09768121934,502300.46553160314
Thread 47 ,2135438.46,2217236.96,2125314.94,2154111.24,2255495.54,3599404.72
Thread std 47 ,169044.58888770337,215049.3156431096,79794.10456137365,226410.57435620928,381857.29165948735,597492.7775694657
Thread 48 ,2147823.96,2142865.02,2158719.8,2109474.5,2221700.46,3530825.12
Thread std 48 ,244071.4875835842,97252.1619386134,146861.76341494385,85943.67664627568,260405.32779654276,540009.1307803872
Thread 49 ,2271048.06,2197403.8,2141893.5,2124993.98,2222115.56,3518251.6
Thread std 49 ,594410.4413575471,182235.70436472134,99179.13222440351,123924.5901796882,211049.47580643216,579729.2980567283
Thread 50 ,2200188.8,2181767.88,2138373.28,2094377.12,2254724.24,3482613.38
Thread std 50 ,201325.8141644523,165141.81599197755,78626.15830418718,70343.98938326325,279188.3481748375,500507.7273228794
Thread 51 ,2156327.0,2137733.58,2150883.94,2098113.44,2196196.4,3576603.94
Thread std 51 ,179257.88547821948,137374.25904546087,98095.93665728359,107290.10443503168,269087.7248853228,584766.8932342469
Thread 52 ,2150406.98,2184330.76,2162874.74,2105691.5,2242189.36,3590189.84
Thread std 52 ,181543.65751875026,207777.7198704266,202316.80903936233,99010.375379687,342308.1090064056,594873.7511278789
Thread 53 ,2198254.94,2151231.84,2142133.3,2139154.2,2218910.72,3613511.48
Thread std 53 ,219631.5965365649,166721.88325904688,130845.75801617159,155259.43536926724,243019.27400013493,584831.0481291554
Thread 54 ,2300911.58,2148213.16,2143441.08,2139665.18,2248315.8,3568861.56
Thread std 54 ,655263.494973325,153574.54113674452,121244.30421729643,160159.53554384454,279033.16884498415,606828.3572287179
Thread 55 ,2158549.36,2192464.34,2142558.04,2116874.2,2247195.16,3559459.82
Thread std 55 ,220868.45159078893,190425.8584045952,80384.0837581111,161509.68087342856,363475.9319520659,526712.6934391714
Thread 56 ,2188819.74,2245781.38,2159478.7,2140081.82,2229855.76,3554001.92
Thread std 56 ,225437.35200524135,535914.0298419367,152485.2913889382,238866.51711762726,296197.1758479621,579259.463909964
Thread 57 ,2124524.4,2176236.28,2140403.34,2137976.08,2243884.0,3637362.58
Thread std 57 ,193258.84413376372,176813.13725166785,101118.07329111117,146440.7652235496,239492.10345279632,586340.3329626739
Thread 58 ,2171790.52,2176684.58,2144876.04,2107118.74,2198681.98,3570891.6
Thread std 58 ,258963.46948715782,149015.69814251663,85035.60711266061,115833.53285797508,201248.7248057447,569458.8997226639
Thread 59 ,2194271.02,2194492.78,2134966.82,2093988.96,2244905.68,3545099.74
Thread std 59 ,276097.0799020304,219082.37809743662,104211.96678937499,85951.87737474538,269698.93820290256,505811.61818137154
Thread 60 ,2154713.4,2144922.58,2168874.66,2116222.78,2251074.8,3541622.68
Thread std 60 ,212606.12716370856,123795.24975342907,250076.97884546246,94001.83805808028,273217.12504220253,590205.1685946977
Thread 61 ,2166560.28,2175929.02,2123344.78,2110815.88,2187489.14,3582667.14
Thread std 61 ,221946.61879196376,134709.59846965893,95811.28482431131,87328.83754478862,177105.25226738557,594116.8729118295
Thread 62 ,2133288.98,2200995.02,2128127.16,2110567.34,2231472.28,3634025.08
Thread std 62 ,256797.82259070306,168973.13996131852,156638.85665289089,121173.87208969008,240165.6855374537,524873.4331005998
Thread 63 ,2187880.48,2186400.5,2182680.32,2140935.94,2220136.76,3628569.98
Thread std 63 ,405473.86095702584,215814.4199698161,187697.7319340903,212194.36321923527,252029.81954430122,492799.12085622986
