Configuration : nrThreads: 32 ,nrServers: 1 ,read sharded: true
Times in queue ,18146.72,18243.92,27362.86,90134.4,164050.6,330207.52
Parsing times ,6803.68,5689.26,3306.88,4228.2,3536.92,3979.78
Service times ,2191844.32,2177251.4,2159722.84,2120366.5,2215754.06,3440558.76
Throughput ,353.52,691.84,1350.36,2679.28,4876.5,5652.5
Times in get ,0.0,0.0,0.0,0.0,0.0,0.0
Times in set ,2183866.38,2170471.28,2155245.74,2114957.36,2210748.52,3435029.84
Times in mget ,0.0,0.0,0.0,0.0,0.0,0.0
Times in mget only memcached part ,0.0,0.0,0.0,0.0,0.0,0.0
Number of gets ,0.0,0.0,0.0,0.0,0.0,0.0
Number of sets ,353.52,691.84,1350.36,2679.28,4876.5,5652.5
Number of mgets ,0.0,0.0,0.0,0.0,0.0,0.0
Number of misses get ,0.0,0.0,0.0,0.0,0.0,0.0
Arrival rate ,353.52,691.84,1350.36,2679.28,4876.5,5652.34
std Times in queue ,1443.5248814153867,6136.873723282092,13272.88293124484,20616.619491694222,28911.99989906034,64600.27735747625
std Parsing times ,12601.473134551226,4905.273704360836,2483.976302427301,2967.188045601286,1432.0882688563293,1261.2533495839502
std Service times ,177451.41575003404,65685.49199272644,70528.61924225352,80539.82705830471,162843.28222650898,524071.61349102284
std Throughput ,24.133337091742476,20.769247281812145,44.523215682314294,96.27533644793594,327.3550310084307,464.4940301894446
std Times in get ,0.0,0.0,0.0,0.0,0.0,0.0
std Times in set ,177594.94842729473,65517.12557892084,70393.71837113515,80772.11404094401,162749.34397049385,523975.5336828807
std Times in mget ,0.0,0.0,0.0,0.0,0.0,0.0
std Times in mget only memcached part ,0.0,0.0,0.0,0.0,0.0,0.0
std Number of gets ,0.0,0.0,0.0,0.0,0.0,0.0
std Number of sets ,24.133337091742476,20.769247281812145,44.523215682314294,96.27533644793594,327.3550310084307,464.4940301894446
std Number of mgets ,0.0,0.0,0.0,0.0,0.0,0.0
std Number of misses get ,0.0,0.0,0.0,0.0,0.0,0.0
std Arrival rate ,24.133337091742476,20.77121241781814,44.5305490188294,96.40265048435215,327.4073322705064,464.02140212780387
Thread 0 ,2195653.7,2177725.4,2148166.76,2104900.78,2223018.02,3436120.4
Thread std 0 ,201437.5391048611,120850.48633154698,128728.05970038909,101506.20404971938,190670.56486917485,521744.27845202916
Thread 1 ,2278956.26,2196053.1,2175525.44,2100122.96,2209538.36,3452352.08
Thread std 1 ,464266.6907268291,134457.62377460135,117936.23346367464,90230.62105763955,160994.13649796345,550800.1761158567
Thread 2 ,2231693.86,2178897.8,2170954.98,2128977.1,2210234.56,3414733.1
Thread std 2 ,319314.2913014501,119496.18858083691,142305.37217253205,180865.31767354696,180668.8744216392,532489.3134715839
Thread 3 ,2182921.44,2209131.18,2145938.76,2102858.1,2215692.36,3459841.62
Thread std 3 ,227834.87034783486,163491.92854204,105893.63923480108,80496.96400619272,184744.1076292971,534880.0581375799
Thread 4 ,2256430.52,2173180.34,2143774.9,2122936.88,2220370.58,3441477.68
Thread std 4 ,532602.7630260946,107511.86763967892,101917.04345947447,103179.6277069287,191682.01516660402,525736.2778925804
Thread 5 ,2228939.88,2196639.22,2198702.96,2124991.38,2205619.86,3432181.18
Thread std 5 ,280425.73352443957,181471.18584157247,174363.44076118706,102143.03668513492,169597.61521884313,503469.63120463816
Thread 6 ,2215810.12,2197921.68,2163859.24,2122681.64,2212235.52,3447589.34
Thread std 6 ,373770.6291259517,131534.70020685703,164296.80955111675,110040.19856004015,176464.34284097032,532141.2803446095
Thread 7 ,2141627.28,2184067.1,2168781.92,2123983.46,2215189.7,3426507.88
Thread std 7 ,179784.51066525304,236782.13932282967,126104.70914232753,102979.14218318232,183591.2579330475,538203.0909323812
Thread 8 ,2148830.0,2143298.64,2152764.26,2132215.04,2232629.12,3454900.1
Thread std 8 ,150880.13732004052,113720.52996078429,153074.55595429472,115445.34771633419,195071.39488273393,549947.7194138919
Thread 9 ,2151142.48,2156042.54,2169948.24,2104892.62,2222886.12,3445521.66
Thread std 9 ,141287.58342606452,81308.23492601523,108701.36188575916,97247.61450783713,189038.259245252,520001.88778980763
Thread 10 ,2208952.22,2167063.52,2143263.56,2119021.72,2209480.56,3435122.98
Thread std 10 ,224678.26725853473,120784.78669108042,115855.43211034998,113555.30183023924,168782.25424930168,520745.6978245281
Thread 11 ,2208823.32,2181451.9,2166476.0,2127792.62,2237109.98,3422813.88
Thread std 11 ,326383.9281320008,124629.83937379015,135464.69901771157,154885.8519183896,193247.0893302982,525137.2003697988
Thread 12 ,2173758.38,2179041.58,2156040.58,2129517.84,2198594.5,3449163.9
Thread std 12 ,192901.32884392116,125623.79714442349,108964.33335300545,107968.43367606882,169182.4032303174,549117.0576248209
Thread 13 ,2215310.08,2203908.74,2160587.84,2112262.04,2208993.28,3456514.5
Thread std 13 ,203145.31306952646,191884.07763232614,139267.27904070806,90013.32897806108,182380.7035868048,562647.4071633883
Thread 14 ,2242560.84,2158446.9,2155495.6,2140936.94,2222298.8,3440231.82
Thread std 14 ,448684.14587539545,124077.41442427904,120948.7537877771,130826.127813483,204090.3615007583,511559.77921577595
Thread 15 ,2183724.76,2153341.62,2184231.08,2126632.76,2219724.98,3445762.06
Thread std 15 ,217608.54620855872,120150.8323328691,183253.55891177178,133115.90750055504,202386.684570221,561091.5672602354
Thread 16 ,2188869.54,2167036.1,2173356.6,2137673.04,2202424.6,3448780.08
Thread std 16 ,275255.17627735535,132252.39626520098,140114.77875233695,132578.5728556743,195587.80111786735,517647.75130430306
Thread 17 ,2183422.18,2190163.5,2152411.72,2121802.74,2199377.48,3432529.22
Thread std 17 ,204206.09345359696,137877.52913753362,112628.32179396124,113715.240449655,166825.29705729493,548526.207972886
Thread 18 ,2146897.24,2123193.54,2166439.88,2127539.34,2221809.52,3432338.94
Thread std 18 ,141193.16353160897,84872.67195718204,149893.2715705003,120265.04507054748,172061.78734019844,495721.02708237874
Thread 19 ,2150814.08,2182364.72,2154407.94,2111359.08,2212650.16,3458044.8
Thread std 19 ,193180.6002690746,134919.9247171266,117770.08902239679,89681.8642419516,201731.91737908823,521822.3449007862
Thread 20 ,2178726.8,2194569.58,2132843.32,2114240.3,2198165.46,3450197.74
Thread std 20 ,272865.23342597584,119744.211263109,84217.58246702043,120937.06210530858,167683.40230913658,560270.7951773368
Thread 21 ,2198707.46,2169682.0,2150784.78,2114957.88,2219752.04,3453226.68
Thread std 21 ,346908.9650816314,146804.91497833416,104636.5547816979,100623.8567329937,171267.92770202277,555960.1245041876
Thread 22 ,2155140.92,2167996.18,2162020.78,2125418.94,2218444.52,3444762.42
Thread std 22 ,187236.18478611117,117271.23679215998,111960.47383208823,150928.09787247863,185643.49783885924,541698.85434422
Thread 23 ,2202951.74,2180567.8,2164194.26,2111398.76,2236089.98,3437045.66
Thread std 23 ,355651.93584968,129633.5463584538,117127.07188031958,107678.80939401516,181253.43198614116,529681.2577397078
Thread 24 ,2168102.94,2147583.28,2126652.62,2117874.02,2233090.86,3442456.08
Thread std 24 ,296579.7905694533,87238.92231226675,76416.92030628785,109341.05598081442,197844.88405375893,554665.1134278707
Thread 25 ,2145573.14,2216166.86,2200094.58,2119180.14,2223426.36,3433352.84
Thread std 25 ,199339.48779775118,235560.06777136354,179715.66058684743,127229.7910355086,210512.82187667332,518446.88447265496
Thread 26 ,2139827.72,2193649.26,2137108.94,2105796.08,2213694.92,3443777.54
Thread std 26 ,117087.05271023343,123314.08317966455,97660.5244481419,74293.05619758242,191614.11207379852,542382.9425035268
Thread 27 ,2210176.96,2162147.98,2149647.9,2095765.08,2218794.72,3445027.84
Thread std 27 ,398640.8894939517,117853.70237445635,90334.34098748304,78731.63663184046,182527.13682852194,532941.0688109153
Thread 28 ,2192380.66,2175379.1,2150408.02,2142771.26,2192798.12,3438758.72
Thread std 28 ,363708.7699160151,124733.62424509409,88602.07615121506,113423.22949112463,165542.8782580045,537520.7194004499
Thread 29 ,2208192.32,2166986.38,2171173.2,2120584.48,2203140.12,3435355.62
Thread std 29 ,294237.19142350694,114072.17048294202,144403.4192489067,132940.61357724929,175639.2200574617,511156.8241792493
Thread 30 ,2207837.42,2204123.14,2139989.96,2116786.36,2211996.72,3433611.4
Thread std 30 ,328231.0286625274,137860.075154752,82307.79789599623,107225.42303051005,166820.862780952,516847.0700766094
Thread 31 ,2183206.78,2171199.78,2174318.06,2143439.8,2234171.08,3424985.74
Thread std 31 ,197215.7340756346,114558.16660246425,129148.22123632416,134989.10752655685,213726.66980847772,510109.5055410146
