Configuration : nrThreads: 32 ,nrServers: 1 ,read sharded: true
Times in queue ,25516.666666666668,24068.176470588234,79031.56862745098,187732.01960784313,376645.4705882353,2758806.137254902
Parsing times ,3691.5098039215686,3471.823529411765,4380.117647058823,5169.235294117647,4587.019607843137,4693.666666666667
Service times ,1805412.7254901961,1837906.1176470588,1873324.8039215687,2239959.0588235296,6233456.7450980395,5148141.647058823
Throughput ,727.1176470588235,1409.5098039215686,2674.5882352941176,4351.450980392156,4767.901960784314,6348.64705882353
Times in get ,0.0,0.0,0.0,0.0,0.0,0.0
Times in set ,1800176.1960784313,1833021.137254902,1867337.0392156863,2232822.3921568627,6226678.843137255,5141111.450980392
Times in mget ,0.0,0.0,0.0,0.0,0.0,0.0
Times in mget only memcached part ,0.0,0.0,0.0,0.0,0.0,0.0
Number of gets ,0.0,0.0,0.0,0.0,0.0,0.0
Number of sets ,727.1176470588235,1409.5098039215686,2674.5882352941176,4351.450980392156,4767.901960784314,6348.64705882353
Number of mgets ,0.0,0.0,0.0,0.0,0.0,0.0
Number of misses get ,0.0,0.0,0.0,0.0,0.0,0.0
Arrival rate ,727.1176470588235,1409.5098039215686,2674.5882352941176,4351.450980392156,4767.901960784314,6348.6274509803925
std Times in queue ,7883.12956805016,5294.424349089832,14276.044257783598,59268.05469913458,215999.5675033959,575214.2503389505
std Parsing times ,247.05168467743906,648.5430349909666,2069.2338548077046,2058.709912428026,1526.8918951935802,1193.9423715852731
std Service times ,55707.23645167778,42483.600114701694,88822.96205689598,310933.18932326365,1.217142065116679E7,1728043.4457772737
std Throughput ,41.29341209385513,103.95987159457626,203.63881520678598,543.7004069788983,1229.509857705939,1046.5102736911742
std Times in get ,0.0,0.0,0.0,0.0,0.0,0.0
std Times in set ,55815.21073149133,42359.52683967072,88828.57187391023,311122.8391215327,1.2171642976230685E7,1728108.7591916698
std Times in mget ,0.0,0.0,0.0,0.0,0.0,0.0
std Times in mget only memcached part ,0.0,0.0,0.0,0.0,0.0,0.0
std Number of gets ,0.0,0.0,0.0,0.0,0.0,0.0
std Number of sets ,41.29341209385513,103.95987159457626,203.63881520678598,543.7004069788983,1229.509857705939,1046.5102736911742
std Number of mgets ,0.0,0.0,0.0,0.0,0.0,0.0
std Number of misses get ,0.0,0.0,0.0,0.0,0.0,0.0
std Arrival rate ,41.28759961965506,104.12096283631257,203.82651215880512,543.7286938805231,1228.0045481170168,1045.5885990347126
Thread 0 ,1796527.137254902,1823455.0588235294,1858197.3137254901,2250647.529411765,5786709.137254902,5106395.862745098
Thread std 0 ,79165.53327655152,68862.3187647386,113413.12767426709,292640.0009073505,9306842.558963463,1714603.331806888
Thread 1 ,1816754.6078431373,1825296.3725490195,1885479.9411764706,2181708.6666666665,5970478.94117647,5135925.490196078
Thread std 1 ,160828.74248579805,76930.73319784775,152180.11855382577,254824.3777504551,9754218.68577103,1675082.6466610103
Thread 2 ,1792090.1764705882,1851791.3333333333,1850712.5098039217,2296245.1960784313,5379719.705882353,5180017.039215687
Thread std 2 ,79151.67269684345,110554.38922768587,115103.53686839904,378567.42918983515,6270231.110982274,1850692.7551778434
Thread 3 ,1797011.1176470588,1837208.0392156863,1854338.7450980393,2205429.470588235,5767930.647058823,5197488.62745098
Thread std 3 ,83958.27924097708,61547.05732233209,129045.15331415483,345311.2837770786,9087002.930893792,1746178.7585901846
Thread 4 ,1813560.137254902,1840415.2352941176,1880283.450980392,2241056.6078431373,6023705.607843137,5134824.901960785
Thread std 4 ,98695.71506565412,83016.40910822105,126556.9382002131,373891.04224306194,1.0243733761275223E7,1933644.5532171445
Thread 5 ,1788951.4705882352,1836738.431372549,1875933.3333333333,2207503.0392156863,6051873.470588235,5130373.352941177
Thread std 5 ,80676.81149905542,70474.7375621236,136624.66056253048,274539.2342734248,1.0869008331273824E7,1671649.406698364
Thread 6 ,1826340.7450980393,1826892.3921568627,1885938.5882352942,2228675.6470588236,6192847.117647059,5169054.352941177
Thread std 6 ,164160.5686065741,75682.5715556966,177733.2152040441,386129.89738743746,1.1344548014063533E7,1814291.9918180294
Thread 7 ,1824730.3725490195,1839807.2745098039,1878604.2549019607,2236692.3529411764,6908540.705882353,5181934.705882353
Thread std 7 ,220212.25596201146,115042.00493873158,134824.1262158733,321965.7360914558,1.7773053434649352E7,1843514.9533718277
Thread 8 ,1784170.0196078431,1841358.1960784313,1855086.3137254901,2265878.254901961,5655459.588235294,5122292.549019608
Thread std 8 ,84430.63726645446,77479.11308088641,118329.9803682043,369758.80420630105,9070839.914854323,1657595.8473373693
Thread 9 ,1799703.0196078431,1837328.431372549,1884477.8235294118,2222769.254901961,6014237.215686275,5139948.607843137
Thread std 9 ,85468.1827396582,64847.40355272674,169075.20781483085,317587.51608272275,1.1570915321375567E7,1707281.5250306677
Thread 10 ,1811608.9019607843,1823780.3725490195,1906376.7843137255,2246876.0588235296,5748985.450980392,5180222.333333333
Thread std 10 ,142824.805350787,77613.07443619554,130830.1437417713,409527.28252151463,8359866.064903913,1847337.0104188758
Thread 11 ,1848778.4901960783,1848209.6862745099,1869032.3333333333,2261031.0196078434,5664783.784313725,5127912.117647059
Thread std 11 ,283367.69784916367,114711.08045354471,159411.95595834916,495210.4683739022,7498375.108824032,1692794.8186457285
Thread 12 ,1799132.9607843137,1847541.450980392,1884056.294117647,2225133.156862745,6281014.019607843,5160754.980392157
Thread std 12 ,75724.52673842493,63692.08392675301,153788.4382606565,282999.80996123457,1.1984420842117235E7,1697254.2073414517
Thread 13 ,1836136.0980392157,1835977.9411764706,1871535.9803921569,2211504.117647059,5740795.215686275,5157288.37254902
Thread std 13 ,271759.56281332625,85264.00441978121,172700.88803321077,293209.9905381566,8642259.631157141,1789396.9718911669
Thread 14 ,1807526.705882353,1840381.6862745099,1864260.7450980393,2228390.411764706,9183112.078431373,5085179.490196078
Thread std 14 ,77440.25425921436,80381.7027392404,133302.00079846408,274339.97169768583,3.373547905555012E7,1571798.0478882315
Thread 15 ,1791765.8823529412,1844718.7843137255,1864171.0196078431,2260962.1764705884,6669826.431372549,5162103.862745098
Thread std 15 ,90925.37936300228,117654.54528139804,135699.84733661127,488986.3437028362,1.4790780550717914E7,1787999.7750225363
Thread 16 ,1793079.9019607843,1823755.862745098,1859248.3725490195,2247345.137254902,5551087.9215686275,5141900.901960785
Thread std 16 ,72707.21578364968,63399.773405279484,114004.05729252988,360061.37630731903,8373919.024840206,1603017.306575026
Thread 17 ,1815763.7843137255,1833763.5098039217,1866627.431372549,2247160.0196078434,7142536.215686275,5159396.0784313725
Thread std 17 ,157458.11639395583,84456.6757729364,145508.85822632996,296046.39313975704,1.8330182461875107E7,1780323.770975356
Thread 18 ,1783705.0980392157,1833257.568627451,1885773.0392156863,2273054.9607843137,6388954.960784313,5153355.705882353
Thread std 18 ,67421.28142693666,72328.24696901064,134024.4085526156,526043.8327719074,1.3753818768211247E7,1774082.2911520232
Thread 19 ,1799177.2549019607,1851945.431372549,1872084.7450980393,2196911.4901960786,6749313.960784313,5166184.392156863
Thread std 19 ,81117.37962923682,146680.0623902587,147291.60705346966,218838.3460942229,1.5325605519949816E7,1870091.1725270199
Thread 20 ,1819149.0,1866067.7254901961,1863938.5882352942,2212211.568627451,5414702.117647059,5206284.137254902
Thread std 20 ,154057.0929129847,103171.97605029738,130006.50870555316,280616.13892107166,5661447.421265137,1635052.5577117824
Thread 21 ,1816444.5294117648,1845813.2549019607,1863786.8039215687,2269290.0196078434,6616747.352941177,5173634.764705882
Thread std 21 ,255187.31517262786,70303.1833819332,145608.58048714293,452834.1522536696,1.410499168365419E7,1866237.9070885316
Thread 22 ,1785457.137254902,1841658.6078431373,1880258.549019608,2191001.470588235,7679579.588235294,5151620.509803922
Thread std 22 ,80019.36690677317,80789.34759535528,154874.10020404492,282970.2243275325,2.2621861222040303E7,1752004.1177517637
Thread 23 ,1811554.0784313725,1844080.431372549,1884408.862745098,2281600.8235294116,6598146.05882353,5139354.235294118
Thread std 23 ,84246.73881304679,103910.10364488236,144648.53736142922,620187.4805853697,1.6040919533709606E7,1612887.1393058426
Thread 24 ,1806239.3333333333,1827526.3137254901,1877163.450980392,2200446.745098039,6120435.607843137,5157354.62745098
Thread std 24 ,76692.10019360969,62802.29262423155,178176.5962302921,249192.8088935829,1.183382671693063E7,1716446.1941297422
Thread 25 ,1796415.2549019607,1841852.9803921569,1880679.5882352942,2245823.882352941,6455308.882352941,5094549.823529412
Thread std 25 ,78290.3062793455,92701.42304700403,124828.53661694133,380265.50287674775,1.447613656938655E7,1724503.5483554418
Thread 26 ,1793755.0588235294,1828541.1176470588,1882981.0784313725,2215041.6470588236,6007133.9215686275,5173389.666666667
Thread std 26 ,103580.13807992567,100310.41240442533,156240.67616953573,268918.3505512276,9630859.92673523,1814266.398384909
Thread 27 ,1796487.5882352942,1849448.9607843137,1879348.6274509805,2256392.274509804,6297432.176470588,5163886.274509804
Thread std 27 ,78066.96757942543,115410.25648840069,175717.9702654183,378331.30724395934,1.237765608269862E7,1814227.7252985865
Thread 28 ,1788470.9411764706,1830398.3529411764,1860317.7254901961,2225237.9215686275,6121987.05882353,5164807.705882353
Thread std 28 ,72128.85214625607,67103.6931597132,131014.09728331961,284083.3992647824,1.2636238153515091E7,1726191.2801623384
Thread 29 ,1799878.6862745099,1814291.843137255,1882271.156862745,2255181.6470588236,6365434.68627451,5091373.509803922
Thread std 29 ,95410.8326924129,61784.42087399462,136872.07364416926,391399.0140473439,1.1693076099427896E7,1606550.0208766162
Thread 30 ,1791563.3529411764,1837905.5294117648,1877976.5294117648,2330123.3921568627,6558397.392156863,5205174.37254902
Thread std 30 ,77057.28967354706,57985.67723959182,147450.98645670063,614076.8443382988,1.3029296066279208E7,1919194.1965433198
Thread 31 ,1841039.4705882352,1844104.6470588236,1864724.7843137255,2268173.745098039,6000924.980392157,5145846.05882353
Thread std 31 ,242290.8309354981,108408.95296936015,121825.72038043749,421424.96485300176,1.1728314131597629E7,1617421.9927474018
