Configuration : nrThreads: 64 ,nrServers: 1 ,read sharded: true
Times in queue ,18526.12,36185.02,111313.26,167128.24,313781.02040816325,547983.5918367347
Parsing times ,4683.92,3804.2,3753.36,3349.54,3340.408163265306,3786.5102040816328
Service times ,2224409.88,2178621.86,2110573.68,2102105.84,2499316.551020408,3606100.224489796
Throughput ,690.44,1362.5,2714.52,5188.86,8082.163265306122,9949.326530612245
Times in get ,2218613.6,2173765.26,2105615.7,2097609.62,2494516.0,3600835.448979592
Times in set ,0.0,0.0,0.0,0.0,0.0,0.0
Times in mget ,0.0,0.0,0.0,0.0,0.0,0.0
Times in mget only memcached part ,0.0,0.0,0.0,0.0,0.0,0.0
Number of gets ,690.44,1362.5,2714.52,5188.86,8082.163265306122,9949.326530612245
Number of sets ,0.0,0.0,0.0,0.0,0.0,0.0
Number of mgets ,0.0,0.0,0.0,0.0,0.0,0.0
Number of misses get ,41.78,82.66,164.62,315.74,488.9591836734694,606.5714285714286
Arrival rate ,690.44,1362.5,2714.62,5188.86,8082.2040816326535,9948.530612244898
std Times in queue ,6807.521193623463,10247.794338076374,22260.064820862037,16930.782015474364,51485.5066371797,84976.86047044376
std Parsing times ,4251.482482569091,2277.5355907969774,1387.2077042367798,637.2751691573193,681.0111941801247,879.6286413985777
std Service times ,62417.488735992534,94107.52548754093,51431.8740536549,63626.746965426806,143495.2047263632,288738.80568403756
std Throughput ,19.287470819478767,55.24943438624508,79.35151452330861,163.35750327900772,481.75457734111427,576.1702724222496
std Times in get ,62609.14609491727,94435.33371654652,51129.6023431173,63592.992821501255,143367.39376394713,288840.28616398753
std Times in set ,0.0,0.0,0.0,0.0,0.0,0.0
std Times in mget ,0.0,0.0,0.0,0.0,0.0,0.0
std Times in mget only memcached part ,0.0,0.0,0.0,0.0,0.0,0.0
std Number of gets ,19.287470819478767,55.24943438624508,79.35151452330861,163.35750327900772,481.75457734111427,576.1702724222496
std Number of sets ,0.0,0.0,0.0,0.0,0.0,0.0
std Number of mgets ,0.0,0.0,0.0,0.0,0.0,0.0
std Number of misses get ,7.7229845135102,15.434668107602338,27.802429786635848,46.253873527808786,74.46418579415473,94.12690901118555
std Arrival rate ,19.287470819478767,55.22948413997135,79.30923460655481,163.3105230497273,481.8633096114082,579.0482169776832
Thread 0 ,2240614.72,2161032.32,2122014.3,2106026.32,2512244.06122449,3607227.2448979593
Thread std 0 ,199421.12500332925,101908.44856395292,117491.24886426085,81134.40173989964,188575.8258712315,294897.80673258455
Thread 1 ,2197412.6,2172125.54,2108853.32,2081421.12,2493972.1836734693,3575066.387755102
Thread std 1 ,304211.3111621926,141599.30727825625,127988.9158265939,59407.12920030762,180079.93138021533,390779.07559551345
Thread 2 ,2221608.72,2182508.2,2110507.64,2102549.88,2511082.93877551,3627493.285714286
Thread std 2 ,279166.5213607368,132329.23471973304,85801.45698866635,79951.46423941293,221080.52761733378,368321.9046170188
Thread 3 ,2249624.72,2184594.58,2105765.04,2095804.8,2514259.5714285714,3607152.5714285714
Thread std 3 ,239436.6918998005,142374.62060999637,125969.91326081453,80944.54612352124,232645.2285819727,380584.37808651576
Thread 4 ,2251018.32,2241028.2,2122432.86,2091848.36,2490401.775510204,3637325.6530612246
Thread std 4 ,267034.9553891614,183319.95084072245,96561.23191857622,81847.76479980927,218685.38621396883,380354.8800021913
Thread 5 ,2202339.84,2192362.9,2094361.42,2101578.8,2509314.9183673467,3564243.4081632653
Thread std 5 ,159225.33032080604,142001.7569684708,77597.36005794823,76829.87535178896,187557.57509271614,292870.00517108827
Thread 6 ,2242470.08,2172016.5,2119817.0,2085966.62,2504403.836734694,3593890.612244898
Thread std 6 ,269492.26907474484,123993.71527872875,131475.34163515846,69171.88941189792,182099.5074155139,282599.3194019594
Thread 7 ,2177494.54,2182075.68,2102646.16,2093939.76,2510076.387755102,3633162.5306122447
Thread std 7 ,170773.46349384036,200356.00008642173,78148.79995223138,112164.2956029435,235943.69274034575,407414.5352137827
Thread 8 ,2216512.54,2195708.82,2104748.02,2115758.68,2495269.7959183673,3614829.6530612246
Thread std 8 ,150037.3112011061,156595.88417906803,105532.99077491148,84847.26817904352,195357.68964922384,314482.0438548884
Thread 9 ,2226102.9,2163736.66,2126304.84,2121066.48,2509798.448979592,3683782.448979592
Thread std 9 ,176610.7108184725,139865.03441483018,133353.59934803378,124553.37096303214,190854.82941951603,409574.853859669
Thread 10 ,2207355.64,2186378.86,2118902.4,2100860.12,2493063.897959184,3555428.2040816327
Thread std 10 ,115019.89578484911,169432.61838831025,132411.17943168466,78624.92012510527,196225.68404032523,295669.6972428285
Thread 11 ,2238275.0,2181690.7,2131136.22,2126329.84,2481579.0816326533,3577888.0204081633
Thread std 11 ,170864.10637852122,110094.87252870698,145824.81578184065,144801.23685532185,170166.3827964703,254717.6686469493
Thread 12 ,2224447.54,2174349.1,2094714.16,2098487.54,2466383.06122449,3570066.2448979593
Thread std 12 ,172502.83247212647,131540.57963310898,69710.1302714582,82409.82961759117,161215.15036143057,283858.102761128
Thread 13 ,2229197.74,2164610.62,2115206.14,2108095.52,2504694.3469387754,3591579.0204081633
Thread std 13 ,162403.21163995445,131447.01105580802,91347.28223250933,118045.61985256862,184580.85492051882,297487.21154806874
Thread 14 ,2197394.8,2179875.24,2103409.54,2094878.72,2515333.612244898,3611098.326530612
Thread std 14 ,147440.58678266418,162385.30483749355,78289.05498195616,86147.73988105477,212344.82763811084,364767.9251117179
Thread 15 ,2255170.7,2149903.26,2097456.72,2088876.42,2506035.6326530613,3612197.5102040814
Thread std 15 ,272287.68906113826,103288.60845279452,81742.82391347004,66897.81669970513,182028.71303252934,322819.8238449044
Thread 16 ,2196966.3,2176982.5,2124736.18,2109742.74,2519165.4081632653,3629588.9183673467
Thread std 16 ,163094.54128532755,137917.0403449857,140108.15940954402,128257.25360046931,179009.75752594214,378037.32611734455
Thread 17 ,2206745.18,2156350.02,2105121.54,2106228.14,2501080.8163265307,3627033.5714285714
Thread std 17 ,169022.64181110082,130837.69181161605,112945.61814832185,114286.38655177454,186303.24082602016,390123.55897838104
Thread 18 ,2213858.78,2189979.14,2118148.42,2108919.98,2497808.551020408,3626908.285714286
Thread std 18 ,121784.5240238928,155040.34152386646,113748.1768266702,95349.6600863969,181324.1696082669,346831.94796225394
Thread 19 ,2209866.92,2189671.56,2108719.2,2089811.84,2539861.1224489794,3643009.102040816
Thread std 19 ,98774.25601429322,157133.61996969976,72177.8900350957,67725.27186176064,258315.2521279016,307076.2404754752
Thread 20 ,2222174.6,2156068.98,2111096.6,2086421.32,2468723.4285714286,3626163.1224489794
Thread std 20 ,126299.1278029897,113116.43785516059,93635.1355478339,73107.4169378462,187415.16542958847,400281.6079388481
Thread 21 ,2217478.66,2153421.48,2097210.04,2093051.42,2505497.326530612,3633210.3469387754
Thread std 21 ,181392.79509358038,105917.173325167,61143.404287925725,89387.71953139917,189714.630047385,317294.4579300216
Thread 22 ,2181980.28,2186903.54,2130425.38,2113962.62,2477390.224489796,3608591.285714286
Thread std 22 ,120241.74130849732,136694.41866279542,94987.74876318287,128949.23843804047,179680.51409252122,373791.1926290421
Thread 23 ,2234166.16,2183398.18,2141594.38,2120890.18,2516016.0816326533,3641898.8775510206
Thread std 23 ,189503.91262380042,135746.84453981963,110874.91069741061,119107.51148055017,189599.3040750498,391696.2575687438
Thread 24 ,2234838.94,2177913.62,2105878.06,2091246.4,2513985.775510204,3653953.2653061226
Thread std 24 ,192927.39473988337,124697.16058071838,78213.46181364098,80866.73265771713,193868.1461286108,404530.3000401503
Thread 25 ,2205330.68,2213361.32,2107102.62,2103502.52,2542865.7346938774,3608316.448979592
Thread std 25 ,155192.16108128396,259439.83545688487,72413.5302801083,87861.72273062638,284570.42137680785,254075.5361873267
Thread 26 ,2227090.5,2150316.5,2102189.58,2123125.86,2494860.4081632653,3543102.9183673467
Thread std 26 ,140486.46716223058,91742.31286826362,82789.54166281129,115477.82757706681,186902.8361632632,313810.60536172637
Thread 27 ,2247426.08,2153460.24,2115217.9,2079888.16,2486163.1836734693,3561717.163265306
Thread std 27 ,189619.32581120395,118074.681402874,110035.22426046587,73929.92748221045,206065.8458633099,292295.30709465063
Thread 28 ,2222922.72,2163220.9,2105821.34,2101607.9,2531378.5102040814,3597382.06122449
Thread std 28 ,152914.13931367645,130847.99114461645,101801.85537253339,93744.86830716961,316441.79614616884,304674.5098394903
Thread 29 ,2226156.98,2164100.46,2129010.4,2125258.24,2515963.0204081633,3596694.224489796
Thread std 29 ,194806.64843518715,120792.84362573904,90953.2077205255,137082.55306239554,210305.132951454,404099.6931494888
Thread 30 ,2206258.92,2220507.1,2085649.66,2110906.7,2479421.2448979593,3620626.0408163266
Thread std 30 ,124390.07126380254,235388.4696192311,74040.38808336366,114890.12228358333,162589.97765154662,403883.9659673287
Thread 31 ,2183369.56,2199699.4,2119349.46,2089948.66,2492542.6938775512,3593452.2040816327
Thread std 31 ,156698.34264470814,124418.0654290286,130891.937217147,82637.90545669581,186143.71259450808,313257.15684521745
Thread 32 ,2214713.16,2179281.02,2106013.82,2097548.66,2497546.6938775512,3610386.5102040814
Thread std 32 ,158402.66614502238,126898.09261789877,86402.95544541074,94958.82398361633,190207.82237279348,382381.9829060073
Thread 33 ,2209391.34,2162327.2,2100569.74,2099889.94,2483891.8571428573,3579210.8571428573
Thread std 33 ,137167.80161563325,142340.23029949854,83662.09161587621,110106.8202981995,213400.7811628548,347766.53956809395
Thread 34 ,2270958.58,2188781.38,2098763.74,2101990.48,2517428.102040816,3624725.8571428573
Thread std 34 ,443196.20399225724,210405.01682298648,82941.28161975155,85820.90631034005,260934.9780489101,290743.53469044104
Thread 35 ,2218077.48,2201483.56,2113740.04,2101640.92,2517534.8163265307,3619562.6326530613
Thread std 35 ,155095.22423090367,275535.8262816297,100642.82663427702,115531.65276408727,199633.72913034112,401030.47680998704
Thread 36 ,2305543.12,2167751.38,2106528.52,2099278.72,2491451.7346938774,3610853.0816326533
Thread std 36 ,436732.93328352773,130937.52870940448,90076.16789462807,93154.25921228394,181270.1583282964,411561.4328266011
Thread 37 ,2233065.16,2178159.7,2119679.9,2096052.5,2536554.1224489794,3608934.8163265307
Thread std 37 ,150471.271415111,151514.4041421172,139832.74989790557,78879.86658779389,285526.67294118024,362647.1487330852
Thread 38 ,2219849.08,2172216.8,2119449.5,2102365.14,2477091.2040816327,3585020.0816326533
Thread std 38 ,148699.70927683037,151112.39952230177,127982.14729378693,78513.1393397309,169948.7069300837,303364.999704278
Thread 39 ,2187661.34,2202999.24,2104046.88,2085023.22,2492724.326530612,3601253.9795918367
Thread std 39 ,135532.6442958331,177106.20835677293,64444.68182223402,62942.08998666463,274232.99854149175,343963.7253974181
Thread 40 ,2237116.36,2171700.32,2093994.2,2116157.6,2478472.0,3587779.163265306
Thread std 40 ,181855.63375804783,159173.3588621115,63493.05312828342,117646.26314004336,155359.10712268634,255080.46225352655
Thread 41 ,2207874.22,2177943.7,2106206.44,2103424.52,2475790.93877551,3596044.1428571427
Thread std 41 ,123646.88911149609,114670.76272711526,82663.10479959346,98557.51959326667,172605.13158005185,315961.1753541354
Thread 42 ,2214056.88,2181195.3,2121007.12,2107020.14,2437744.7551020407,3609135.6530612246
Thread std 42 ,155031.0728903607,156776.10113714816,131762.44391213905,85024.11932108992,139574.68958209714,334752.78384768206
Thread 43 ,2312062.0,2166593.36,2114001.24,2111852.84,2495044.8571428573,3616256.6326530613
Thread std 43 ,322423.2420413407,159129.81801234887,131822.3030196735,97637.72312939422,160403.4138942082,346944.84346306726
Thread 44 ,2278242.22,2185306.8,2094835.7,2081392.94,2518982.4693877553,3636059.1224489794
Thread std 44 ,377975.6165722265,145601.0489644598,63550.39848788824,77616.50678539813,174899.45897061145,371136.1046873861
Thread 45 ,2230638.08,2164762.0,2104097.16,2109276.72,2511006.897959184,3621894.0816326533
Thread std 45 ,148557.96884427415,124720.48690179335,82454.17143229397,114314.39983445585,246670.83312814918,257591.63648308706
Thread 46 ,2214154.88,2170510.38,2104231.18,2103506.26,2455124.0,3554660.9795918367
Thread std 46 ,164081.54233715747,114310.79769090144,80395.18534108969,119608.33935072062,198096.98998417836,327819.1652473643
Thread 47 ,2222272.24,2203184.16,2103536.86,2096871.36,2496071.3673469387,3576313.9795918367
Thread std 47 ,154283.0287249815,229950.42489342732,72412.77888351656,79508.77611545757,214213.82472423962,306173.29136192694
Thread 48 ,2235719.8,2188275.38,2120983.16,2089301.52,2534461.1224489794,3626172.714285714
Thread std 48 ,145958.1364322507,158785.34127542976,114291.73036136205,115343.54249437917,245690.15075892443,382291.036383059
Thread 49 ,2203252.22,2164290.9,2111949.04,2109511.84,2471464.93877551,3579294.2653061226
Thread std 49 ,144567.61911049494,151974.8296987675,126914.73663246582,90892.21028214616,179831.59734983175,313025.93399441196
Thread 50 ,2214169.36,2160651.6,2100841.12,2099523.92,2464008.5714285714,3612032.775510204
Thread std 50 ,180118.60762272563,141466.97698265925,92697.88211539238,93538.36729992848,180269.08447778373,372151.28604256635
Thread 51 ,2274522.96,2164780.0,2106001.02,2098607.22,2539376.673469388,3571547.5306122447
Thread std 51 ,292564.9761404109,117561.2074164964,109410.53324240471,84964.37588064393,271420.09278617863,400997.69944773905
Thread 52 ,2187649.74,2196765.18,2091366.38,2108581.78,2512614.897959184,3665308.163265306
Thread std 52 ,116369.95520494285,179070.89971540688,79425.647508333,104536.64277967076,212788.68980705217,339996.1892580775
Thread 53 ,2230053.26,2189480.24,2125204.36,2113972.8,2512887.551020408,3628043.2040816327
Thread std 53 ,227998.26795106608,166948.39569839463,144422.7607328723,136789.648108745,223127.20791746632,328324.2605960087
Thread 54 ,2261478.98,2160353.84,2097718.42,2120473.78,2488947.2448979593,3593955.8163265307
Thread std 54 ,293754.42434055806,128383.01273260577,63936.89047742345,117986.32068674536,176525.7758054909,370036.24516501045
Thread 55 ,2194832.54,2185334.22,2111548.26,2095909.38,2502896.5918367347,3574432.9183673467
Thread std 55 ,144247.581636179,150656.65589505574,94011.12989337476,75088.10564328781,241697.8655398028,279321.68004425144
Thread 56 ,2232631.88,2194545.72,2128727.08,2108499.18,2487573.3673469387,3633462.224489796
Thread std 56 ,166796.3933400558,158484.59450208853,154898.7303926626,114275.0780310727,201137.96760336487,349876.1721298852
Thread 57 ,2265242.14,2177741.26,2110133.22,2091332.08,2512165.4285714286,3652043.102040816
Thread std 57 ,312497.6109358481,183685.5038291586,131155.13557604604,80213.3046625772,177453.7683670501,410349.2516144147
Thread 58 ,2175931.24,2175173.68,2118713.38,2091831.42,2502511.0,3599293.897959184
Thread std 58 ,183414.8328715215,142716.71829907937,130449.6188079458,90115.76301060356,205513.96555982516,326014.3008032933
Thread 59 ,2208293.26,2212169.76,2117076.44,2112085.66,2486181.7346938774,3555726.1428571427
Thread std 59 ,173597.8515158843,227186.422123704,98636.81748452713,98749.45005532427,163984.75927732018,304637.96097458043
Thread 60 ,2236194.12,2192138.84,2105418.52,2098448.5,2454077.102040816,3627055.4285714286
Thread std 60 ,169356.5895865687,208403.99568571083,81551.89710383373,80075.07053123109,176192.65867500988,347748.66846761614
Thread 61 ,2203469.96,2155963.26,2113467.68,2106509.02,2494943.714285714,3624690.7346938774
Thread std 61 ,162356.82541090957,114466.1643766152,117148.07172756772,77427.34228083167,187253.86357351436,352321.25467596896
Thread 62 ,2242736.52,2166281.46,2108062.08,2096118.04,2494050.2448979593,3553422.9591836734
Thread std 62 ,299590.7032658322,139849.38827986864,88328.98177761941,78519.30928692843,204353.80485177442,317409.4926401566
Thread 63 ,2207948.12,2146941.72,2110312.96,2109501.94,2502026.0408163266,3633460.9591836734
Thread std 63 ,169303.71240365275,113136.81103164345,82497.06341018745,92398.6564259614,207807.5867816146,300197.7271748683
