Configuration : nrThreads: 32 ,nrServers: 1 ,read sharded: true
Times in queue ,15503.28,24919.5,95936.56,182401.92,339592.4,1910999.02
Parsing times ,8186.88,3667.7,3366.74,4186.48,4385.66,4580.92
Service times ,2232404.42,2207468.72,2137715.68,2285153.9,2985536.08,3448408.78
Throughput ,694.66,1363.86,2744.3,4846.94,6974.88,9016.9
Times in get ,0.0,0.0,0.0,0.0,0.0,0.0
Times in set ,2222988.88,2202498.38,2133027.38,2279358.96,2979328.44,3442248.68
Times in mget ,0.0,0.0,0.0,0.0,0.0,0.0
Times in mget only memcached part ,0.0,0.0,0.0,0.0,0.0,0.0
Number of gets ,0.0,0.0,0.0,0.0,0.0,0.0
Number of sets ,694.66,1363.86,2744.3,4846.94,6974.88,9016.9
Number of mgets ,0.0,0.0,0.0,0.0,0.0,0.0
Number of misses get ,0.0,0.0,0.0,0.0,0.0,0.0
Arrival rate ,694.66,1363.8,2744.3,4846.94,6974.88,9016.82
std Times in queue ,1835.5354225257922,8901.046203700336,9907.33455610189,28627.478109177355,51355.02108750378,156548.9496420209
std Parsing times ,12044.376678647295,1170.4162742810954,1616.3170255054472,1140.3932590585243,1401.5761333409685,1174.697787274911
std Service times ,64873.24857832938,49193.31915111719,69549.5738980888,107957.32721855183,324227.2346083676,315244.5688233567
std Throughput ,23.31646523425899,40.88211524540744,95.62794613308733,217.57367131383245,628.3823299974795,770.7938460193001
std Times in get ,0.0,0.0,0.0,0.0,0.0,0.0
std Times in set ,64447.228026910925,49464.9662607707,69184.46608469333,107628.37080984753,324327.1286362507,314972.4454352909
std Times in mget ,0.0,0.0,0.0,0.0,0.0,0.0
std Times in mget only memcached part ,0.0,0.0,0.0,0.0,0.0,0.0
std Number of gets ,0.0,0.0,0.0,0.0,0.0,0.0
std Number of sets ,23.31646523425899,40.88211524540744,95.62794613308733,217.57367131383245,628.3823299974795,770.7938460193001
std Number of mgets ,0.0,0.0,0.0,0.0,0.0,0.0
std Number of misses get ,0.0,0.0,0.0,0.0,0.0,0.0
std Arrival rate ,23.313839281440035,40.96937631839624,95.53933905006068,217.85526088180097,627.7928827833821,768.0357583618415
Thread 0 ,2251331.76,2201189.24,2129551.78,2293031.94,2987758.12,3461176.52
Thread std 0 ,229903.8773972022,87853.46568949633,76814.5337388833,162100.1482482307,326835.8632977996,333186.7616950381
Thread 1 ,2243590.1,2205232.52,2156644.0,2301153.3,2993994.22,3451296.32
Thread std 1 ,188671.3648258121,78659.5439655414,100241.03454358074,159890.64431300078,330565.5234748716,334780.8309774876
Thread 2 ,2225933.34,2240091.52,2140781.32,2290897.04,3000240.92,3456854.32
Thread std 2 ,119004.17252822245,172489.44866354778,126205.10863013621,154897.09623092966,345022.51578937005,302910.5329864585
Thread 3 ,2243415.48,2221301.82,2129520.66,2293742.58,2964559.94,3443455.04
Thread std 3 ,221688.28002650896,178210.82446884344,66024.96524417325,171882.05448149375,334322.3332182679,316922.15531004727
Thread 4 ,2219915.4693877553,2204238.24,2120969.4,2311667.62,2991305.86,3443570.56
Thread std 4 ,115136.23087711178,84015.25817946186,83283.24699530895,150315.3327915699,324912.7322775795,321118.3331517679
Thread 5 ,2213769.2,2205633.9,2135540.32,2265135.04,2965257.24,3443198.62
Thread std 5 ,87754.98977545265,96412.95516581846,66852.62335744993,140540.31170784112,332601.2833731888,320137.16385642625
Thread 6 ,2231911.64,2197965.8,2130788.8,2294055.12,2969180.0,3442562.84
Thread std 6 ,188789.68666322416,93054.87267856793,93172.61339742554,122436.3402850374,323891.73547943076,316023.38088097726
Thread 7 ,2225717.26,2215354.58,2121584.9,2281040.38,2988742.2,3444082.64
Thread std 7 ,161370.53579778963,77887.05217043198,79900.87802900618,100035.67177515088,336750.72496293345,314390.32350175985
Thread 8 ,2233600.64,2208162.98,2138876.82,2265415.9,2978228.9,3447505.78
Thread std 8 ,204955.60983562327,108818.31123829617,108386.25638639217,139376.35078745076,340165.5749035148,318486.0642625363
Thread 9 ,2217366.66,2219732.4,2142310.16,2284436.44,2976909.58,3452769.92
Thread std 9 ,173917.47204603115,108113.26245211925,107575.6641932874,130815.44096919797,316201.5344698784,307259.36679020873
Thread 10 ,2217182.04,2208531.2,2121225.44,2259627.1,3002760.22,3464731.42
Thread std 10 ,128132.99892880119,81504.93031838063,66992.93724125411,140511.85997212667,334633.2046244609,327152.0172807449
Thread 11 ,2219049.84,2197482.34,2146298.8,2310054.4,2987227.02,3439696.06
Thread std 11 ,145211.68346025614,73140.01598321467,100614.77835805641,172852.87519820352,327848.81619949115,335716.63287577115
Thread 12 ,2197350.08,2195589.9,2143015.32,2293578.08,2943578.54,3463950.82
Thread std 12 ,107879.99074724711,90676.53592634668,126885.47879356024,146229.14487101315,293157.21404088393,341893.0434778672
Thread 13 ,2274553.12,2201880.76,2147084.38,2265132.18,2978836.04,3440159.42
Thread std 13 ,296857.21672745125,82927.10957996886,105821.78115555552,105962.72321977485,319314.58028363297,328200.7335459281
Thread 14 ,2217880.0,2180815.96,2128629.46,2268679.04,2987552.48,3439812.5
Thread std 14 ,110340.7197479235,72329.92437321569,74304.95008209378,99269.81422221285,355530.49119907385,314573.9854609496
Thread 15 ,2209800.1,2210022.58,2129813.62,2271279.34,2974027.14,3447019.12
Thread std 15 ,92664.81012641912,99095.7257117087,62126.8888317601,151476.4744373993,344429.8684984175,317416.15157010703
Thread 16 ,2257878.5714285714,2189614.8,2139991.3,2301183.38,2993229.14,3436433.8
Thread std 16 ,223506.39756028235,66404.81050868133,108229.2321901028,173703.40355857238,347595.1785386952,317430.54571155354
Thread 17 ,2240870.4693877553,2212782.7,2141150.36,2281330.3,2994071.34,3454499.54
Thread std 17 ,172818.1239930077,100536.93314972892,88780.82171826184,118996.6881575247,354656.6600183506,309598.463035209
Thread 18 ,2238747.0,2209102.7,2141306.78,2281046.92,2984482.5,3446118.18
Thread std 18 ,240247.17637666073,73803.18756133968,126445.53695649332,133385.42449330352,343567.68700375804,306810.96902940556
Thread 19 ,2252495.14,2216281.98,2141869.54,2295568.74,2990575.32,3446871.98
Thread std 19 ,261722.22793875355,116214.81883581115,98440.09374839222,139713.80645532903,359022.46698338294,328334.40490721515
Thread 20 ,2237400.714285714,2229051.14,2141504.44,2308694.3,3007791.12,3433288.24
Thread std 20 ,168657.4297598785,99546.80827610493,92429.54336277675,170425.7351929309,340957.21148277214,318652.05177175533
Thread 21 ,2230214.84,2214247.76,2140892.38,2279890.8,2995253.78,3450734.36
Thread std 21 ,134465.44628971504,85193.71215073833,152063.56012427493,146989.3536891675,335005.5865686659,311192.9021937778
Thread 22 ,2260900.68,2192152.76,2140781.34,2300029.28,2989002.4,3451266.66
Thread std 22 ,226075.48973074803,65142.23441731178,94766.63018121119,134109.8088095737,336430.2865646302,313582.65518755
Thread 23 ,2224888.6,2211287.28,2129486.04,2275789.82,2987465.22,3458947.62
Thread std 23 ,140869.97445755953,77148.92614514197,104564.93754697341,104386.15060803255,343388.34441651317,329088.66248195
Thread 24 ,2242031.12,2199139.96,2151016.52,2274747.46,2984392.92,3443362.2
Thread std 24 ,220138.39376467577,75170.07372291564,108693.14258981848,103105.60769191351,316138.38823901286,321871.5594870293
Thread 25 ,2213064.3,2197235.74,2119171.08,2275413.56,2989956.72,3456864.86
Thread std 25 ,136096.01246917635,93824.80597799589,60829.08648236619,157687.0065475431,357897.79767026525,331046.9077833823
Thread 26 ,2280433.5,2201461.86,2147881.56,2302638.96,2989512.98,3456105.24
Thread std 26 ,257552.28942490532,82065.2791206078,114208.10051547774,182778.2553567674,349334.0891651377,324045.5190319976
Thread 27 ,2208599.34,2208535.7,2134536.66,2292322.9,3004022.6,3454186.22
Thread std 27 ,113783.80224088243,60847.07113077734,102085.59932275522,143304.71983272827,356636.20052057964,312463.5755743471
Thread 28 ,2207841.3469387754,2207916.88,2147101.56,2294559.66,2974891.02,3451579.66
Thread std 28 ,106487.83901529768,85603.59823250804,108308.82482657013,198156.59462684183,322952.75129744824,311500.385950664
Thread 29 ,2243317.76,2209614.54,2149999.98,2252439.4,2980469.64,3461831.42
Thread std 29 ,234855.11613633324,96183.46946717647,165705.92937656335,131759.86894501743,337133.9006701216,316228.4537883829
Thread 30 ,2218095.6938775512,2226252.22,2146490.44,2274137.24,3005434.58,3452635.94
Thread std 30 ,144297.1154882066,93986.76790308826,96443.17512742721,134488.29289927668,374245.0511129497,312944.25211916724
Thread 31 ,2218441.5102040814,2199181.58,2130516.76,2281827.46,2973802.42,3445162.52
Thread std 31 ,113019.4613588228,68903.94992442266,82757.98818550781,134199.41829479602,340703.908628861,353794.7667713378
