Configuration : nrThreads: 64 ,nrServers: 1 ,read sharded: true
Times in queue ,23349.96,20463.62,26889.24,127692.72,211323.02,362237.86
Parsing times ,5924.4,5834.56,3449.96,4016.54,5546.8,4148.58
Service times ,1911358.48,1933321.96,1905121.82,1870708.92,2071741.52,3579925.16
Throughput ,389.28,743.0,1444.58,2838.56,4889.4,5461.54
Times in get ,0.0,0.0,0.0,0.0,0.0,0.0
Times in set ,1903945.14,1926033.26,1900264.0,1864898.96,2064304.36,3574109.66
Times in mget ,0.0,0.0,0.0,0.0,0.0,0.0
Times in mget only memcached part ,0.0,0.0,0.0,0.0,0.0,0.0
Number of gets ,0.0,0.0,0.0,0.0,0.0,0.0
Number of sets ,389.28,743.0,1444.58,2838.56,4889.4,5461.54
Number of mgets ,0.0,0.0,0.0,0.0,0.0,0.0
Number of misses get ,0.0,0.0,0.0,0.0,0.0,0.0
Arrival rate ,389.28,743.0,1444.58,2838.56,4889.38,5461.54
std Times in queue ,5103.974249663148,9026.837532172876,11186.112431447289,12220.2100420173,26724.820342642728,47975.265229035744
std Parsing times ,1555.16208224121,6426.386724518002,252.69138715606667,277.9921603651617,2208.176253686951,1412.6244079581743
std Service times ,54529.849341753055,48990.95730553398,49194.422211486955,95101.213506891,304947.63395445124,508090.5516126584
std Throughput ,13.041597498240868,21.61632036500313,38.50475189333579,106.66372104776347,595.8680171628201,453.279488048725
std Times in get ,0.0,0.0,0.0,0.0,0.0,0.0
std Times in set ,54666.33532138217,48770.67851494966,49205.594904213394,95042.9696726825,305307.35052574705,508001.5124664778
std Times in mget ,0.0,0.0,0.0,0.0,0.0,0.0
std Times in mget only memcached part ,0.0,0.0,0.0,0.0,0.0,0.0
std Number of gets ,0.0,0.0,0.0,0.0,0.0,0.0
std Number of sets ,13.041597498240868,21.61632036500313,38.50475189333579,106.66372104776347,595.8680171628201,453.279488048725
std Number of mgets ,0.0,0.0,0.0,0.0,0.0,0.0
std Number of misses get ,0.0,0.0,0.0,0.0,0.0,0.0
std Arrival rate ,13.055673565346906,21.614432064465348,38.46922438118288,106.79279192980799,596.0809385529136,453.3639890095068
Thread 0 ,1891300.6,1892829.1,1902590.64,1872606.0408163266,2089400.2,3551121.08
Thread std 0 ,140049.3474729241,104403.75187903148,86375.42345181294,276573.258598269,340936.0026450593,666586.530945926
Thread 1 ,1924319.22,1931703.02,1909733.68,1849121.6530612244,2031172.72,3539357.0
Thread std 1 ,202371.82522381918,143597.53721432688,160241.17179063027,90719.68574831463,319954.3179593905,639958.804262893
Thread 2 ,1909173.12,1921828.14,1904663.82,1856000.469387755,2063545.28,3636108.66
Thread std 2 ,163111.27969887832,116448.19445818744,90272.27819523987,103691.43813118122,394953.0037990849,678395.9512253017
Thread 3 ,1953648.68,1966726.5,1913685.42,1860303.4897959183,2110339.68,3581249.26
Thread std 3 ,196183.45986694418,252617.3758660294,99977.09301453171,112243.6418121539,450934.8158771292,533711.9747744713
Thread 4 ,1913202.34,1916185.52,1914091.02,1916532.4081632653,2071585.32,3520082.16
Thread std 4 ,130698.7836996026,148076.52481316705,89870.86367796896,201156.59399695284,395469.03161216417,572824.8459280588
Thread 5 ,1943950.54,1936380.74,1925342.32,1849232.0612244897,2081432.86,3606852.0
Thread std 5 ,295874.4290256829,182298.66906964424,156883.35407458444,100839.93098499559,448885.1442460719,807987.0713364523
Thread 6 ,1919612.0,1971850.48,1909641.92,1877753.9387755103,2080053.14,3538563.2
Thread std 6 ,122714.40540572909,230263.6482215452,77598.24431656864,254127.45510778384,397672.1925844179,629469.5369715225
Thread 7 ,1887594.72,1942700.68,1919836.96,1900866.530612245,2083677.28,3616379.98
Thread std 7 ,127784.28692966941,139506.92152947182,89222.43429947928,200357.28987487388,367070.1776354878,657902.5481603
Thread 8 ,1960535.3,1933236.6,1915751.5,1895275.857142857,2081599.88,3601707.22
Thread std 8 ,282449.72972348076,118850.0574448875,100749.64184009869,214107.2513333952,391757.4827479441,573873.3219120569
Thread 9 ,1906102.857142857,1910713.64,1905688.1,1843405.9387755103,2064009.92,3569480.94
Thread std 9 ,135717.76805823305,108892.85572295552,88656.54153915365,82174.31598523962,436629.17425252567,686928.2952762085
Thread 10 ,1949718.4081632653,1975294.2,1913296.68,1886149.448979592,2002973.46,3533094.06
Thread std 10 ,331272.0478106525,227038.13030018564,100226.32554851413,199992.8640253052,257577.79152525746,582384.503129088
Thread 11 ,1925698.7346938776,1938094.98,1904070.04,1859226.775510204,2048260.48,3618972.6
Thread std 11 ,170803.61198302856,124804.53476136028,93378.6433750769,121186.68457251284,359295.0138518848,733004.6069210685
Thread 12 ,1913990.4,1913339.18,1891672.84,1896795.163265306,2100570.58,3640775.34
Thread std 12 ,132833.96307005963,133712.6149130489,84929.28672782038,204503.36635659848,409153.1173800834,657564.8913431177
Thread 13 ,1887083.64,1921704.78,1889895.48,1866460.8775510204,2055878.98,3670736.46
Thread std 13 ,132556.24524564223,117472.8514276488,74704.6760510167,125777.12478073942,405824.0287296287,628279.0495351116
Thread 14 ,1923096.0204081633,1969964.96,1911261.86,1863224.8979591837,2086360.44,3544848.3
Thread std 14 ,185970.44059355799,292415.71436297084,94330.13550054631,123085.30042400895,538989.3379262051,615561.6741210121
Thread 15 ,1885668.74,1954672.86,1876936.18,1851484.5102040817,2018956.28,3643998.12
Thread std 15 ,137130.26799001254,165094.1117343297,80330.02501154033,95143.96485482811,321352.7010336684,730906.6500294905
Thread 16 ,1911245.28,1903990.92,1889520.16,1872722.5918367347,2048962.16,3538744.44
Thread std 16 ,141661.4339431094,86960.6476277069,89499.28839971584,171190.25226848223,305575.53999727615,674748.5382252476
Thread 17 ,1956301.94,1956649.64,1896212.26,1858064.469387755,2074678.22,3532904.18
Thread std 17 ,283039.7283627325,156307.85948847153,88986.5935497257,88160.12850822975,345769.46906823065,618416.7827334866
Thread 18 ,1900876.96,1914666.04,1924873.22,1871981.9795918367,2080432.12,3633177.96
Thread std 18 ,179997.31812321368,114900.99932034838,187472.16071577242,182447.75657996474,594520.0770498613,664234.6406433578
Thread 19 ,1892748.469387755,1901771.88,1903034.92,1872545.4285714286,2069471.64,3616381.02
Thread std 19 ,146487.12258820198,89592.915578537,69271.22198621054,221601.11790350536,355408.79511516687,781827.7937356347
Thread 20 ,1935891.4285714286,1946175.06,1889208.84,1866820.0408163266,2084790.42,3617286.72
Thread std 20 ,234460.4414206513,194024.8228047765,87275.32588411206,130165.26077147709,334064.6632765659,660548.160112618
Thread 21 ,1953254.0204081633,1938623.04,1891230.62,1856861.3469387756,2081212.02,3514885.14
Thread std 21 ,149442.4566881137,142234.62353305615,80391.71523181899,179659.2769560099,335469.64411863143,640661.1323842566
Thread 22 ,1885978.081632653,1939521.96,1901452.5,1885850.1020408163,2075303.08,3486630.24
Thread std 22 ,132381.1308594174,141827.55150864425,80095.92549402808,159517.17268085445,349553.5905380964,628248.0246338618
Thread 23 ,1903828.4285714286,1954296.8,1902437.32,1892784.142857143,2045483.98,3558393.92
Thread std 23 ,164399.39121719197,177703.01003319304,89662.42348020988,168399.4648873129,338846.8817357186,680269.1443887347
Thread 24 ,1933041.1020408163,1950717.28,1902916.72,1882810.0,2090483.42,3558372.6
Thread std 24 ,217998.54577756985,146286.4727199982,94187.82667065,171096.54273026675,321992.15622130374,663399.5885233107
Thread 25 ,1927981.448979592,1933462.18,1921129.18,1881224.92,2094801.76,3509974.64
Thread std 25 ,176675.3963028032,151149.51341306974,178313.86610620737,281817.98803532607,419991.6452823823,736424.4839257703
Thread 26 ,1921269.5,1940375.36,1884301.72,1849918.5714285714,2036311.58,3547013.78
Thread std 26 ,170182.34593304768,101594.67820462058,72936.90678769382,97651.46799758483,301886.4106196568,713625.4365184974
Thread 27 ,1894478.12,1958857.32,1898419.0,1901312.693877551,2088895.12,3526213.34
Thread std 27 ,145869.4581793472,202463.35827567146,107226.48333298627,209378.29690968493,429418.06480805564,574857.3066864156
Thread 28 ,1891154.06,1918709.74,1903117.9,1859405.918367347,2073948.22,3614708.38
Thread std 28 ,125357.45169411038,119949.47359444339,95107.62750184977,147070.71651290136,339676.40206671914,720371.2741016059
Thread 29 ,1900674.94,1934739.58,1906841.82,1891250.306122449,2035870.14,3566796.52
Thread std 29 ,181327.7597479228,126624.30933503684,101891.19612700319,284488.5860667498,319684.48479226884,653936.7894763394
Thread 30 ,1928161.9,1939477.66,1894748.18,1892728.081632653,2039399.2,3587328.74
Thread std 30 ,158136.753322811,125821.31534314032,98589.38790093598,224035.83632598794,312902.1580262914,644669.1442690935
Thread 31 ,1963650.7,1920537.66,1902616.8,1834262.1020408163,2115303.8,3490251.24
Thread std 31 ,214373.89826296293,124215.43653153091,81068.89469318987,67306.71296486855,432647.0903320343,630774.170477626
Thread 32 ,1912323.0,1962523.34,1897017.16,1851271.2448979593,2081768.02,3587358.56
Thread std 32 ,171242.46210730396,279591.7768506697,92750.39210046611,157085.72565621225,318884.19451898214,663907.0524513036
Thread 33 ,1881402.7,1936204.12,1890474.04,1820406.5714285714,2123085.04,3611822.66
Thread std 33 ,141415.80004214958,150946.8464758563,100645.31045148562,54809.22258008531,456086.36149429023,657104.1089159533
Thread 34 ,1907598.5,1917166.66,1891602.3,1859239.081632653,2073453.78,3542138.74
Thread std 34 ,190749.7996776705,138731.56194632032,92310.09827246111,101068.5267460558,400772.3663321628,626061.6352449852
Thread 35 ,1901371.44,1925663.54,1909597.64,1874624.469387755,2123558.1,3600480.76
Thread std 35 ,172819.42814538046,125143.38843171796,104847.79753698954,145988.1938659913,467083.95990819513,591820.6316545083
Thread 36 ,1903848.02,1909616.46,1914755.88,1896501.918367347,2012265.44,3612196.22
Thread std 36 ,115491.4859845433,159225.92638753203,95503.13207015672,278040.0146685903,257014.7135514325,740235.3013316529
Thread 37 ,1889841.18,1909790.56,1916790.36,1850062.387755102,2089651.4,3555830.36
Thread std 37 ,154924.3481787146,112310.65475817783,88775.52886336298,97471.3710645371,377638.72877394344,611608.2497667652
Thread 38 ,1942574.4,1922496.52,1882601.1,1903915.0408163266,2068809.5,3548223.94
Thread std 38 ,197434.93532228353,119719.3045259329,75215.72173103446,294725.266780279,348597.335815469,603413.5770224575
Thread 39 ,1910246.76,1937168.9,1932011.18,1891440.7142857143,2096168.2,3647652.14
Thread std 39 ,175177.8684569626,266028.3146645776,160491.99553066792,216053.94059084723,330220.26400051743,587914.3717587885
Thread 40 ,1862456.16,1930004.86,1898525.06,1873482.2448979593,2126159.74,3551350.42
Thread std 40 ,125622.05494216469,134731.61226236675,90845.80106644715,135953.41229313484,566955.2794284468,600445.8264330097
Thread 41 ,1927676.22,1928352.42,1895031.74,1853041.530612245,2101013.94,3615202.2
Thread std 41 ,224671.19292980494,111723.42964497789,93549.75698193983,105035.908466879,381983.6932459457,624660.0524154833
Thread 42 ,1916352.46,1924115.86,1930237.06,1828483.5714285714,2067691.72,3521968.86
Thread std 42 ,157711.3695065807,107571.04358383206,153806.750303207,65559.95994571179,388745.644732978,665603.4510441773
Thread 43 ,1925006.66,1939018.32,1896938.08,1865308.469387755,2034075.06,3545167.34
Thread std 43 ,231410.85055351752,215496.2468516814,95172.90318813846,87612.56133186183,309624.58621286217,682110.4155669241
Thread 44 ,1898351.3,1896062.5,1871884.1,1863492.918367347,2026586.54,3527087.3
Thread std 44 ,173898.8833271173,108397.9933013767,65104.924554090976,152591.0842784888,365688.041826788,587095.8960482556
Thread 45 ,1909324.74,1925835.22,1899854.2,1862630.4897959183,2073170.12,3574444.96
Thread std 45 ,149311.51174570623,114335.42812828025,132271.59171899894,142613.86192415436,367912.20085380063,695507.979442803
Thread 46 ,1867261.62,1924149.0,1901184.52,1859244.551020408,2008113.74,3652098.28
Thread std 46 ,130649.22895011978,156123.2776016547,113950.54964132827,134683.21321794664,317159.9657152883,917970.0382918566
Thread 47 ,1901453.0,1922642.1,1907716.14,1847199.7346938776,2059013.12,3688988.94
Thread std 47 ,157106.7751213181,127030.8394603854,160188.18894038477,96200.15975488629,379693.3689719253,727413.4159066045
Thread 48 ,1905749.48,1920151.7551020407,1935779.08,1838434.693877551,2053128.96,3719530.08
Thread std 48 ,195132.4416481299,127641.12989069044,207340.44119636592,67958.6724715237,310566.72663295496,687155.300407882
Thread 49 ,1914138.12,1920201.2653061224,1906777.14,1876666.6326530613,2065844.82,3605928.56
Thread std 49 ,162509.43624729573,121679.04294748396,97752.53128284961,194382.0732240045,375420.60990588914,606286.4678693364
Thread 50 ,1928338.54,1926710.775510204,1941991.68,1870832.9591836734,2097385.9,3501159.04
Thread std 50 ,164523.68629535582,93883.44961335156,179018.1806011117,127027.1188326137,450769.6668093339,625029.8578229377
Thread 51 ,1877048.98,1931830.5918367347,1915302.64,1863916.2857142857,2041802.24,3629107.86
Thread std 51 ,145077.54310832027,147032.65167655196,116884.02149501593,103599.94960121844,321907.62849356234,639657.42755995
Thread 52 ,1930108.28,1904725.66,1921735.22,1914442.469387755,2065924.98,3586687.76
Thread std 52 ,158641.5366797866,103874.7648753173,106072.17241418644,301871.22360813216,394287.47830337734,671894.3226289402
Thread 53 ,1913411.22,1943501.52,1899102.18,1856556.2857142857,2094665.44,3660307.26
Thread std 53 ,140552.08536532804,130023.27815767044,99834.68129182569,116870.51807181741,431808.2032927402,734353.6186787424
Thread 54 ,1872118.42,1972519.0,1909139.16,1888013.3673469387,2119139.04,3613568.9
Thread std 54 ,104001.79568408363,238785.79610664808,112011.0418912605,175698.2195850665,407657.9880433467,635073.079523739
Thread 55 ,1919114.46,1949217.38,1882118.24,1848099.612244898,2089016.44,3683027.1
Thread std 55 ,213753.23632171878,169181.4753559862,71958.40630943881,100897.71379570838,365009.2042245779,849154.5278924532
Thread 56 ,1937672.18,1916861.306122449,1914937.46,1862701.8979591837,2069906.96,3510437.44
Thread std 56 ,308237.63014945237,170569.99319258015,99176.72242840669,137857.3991800109,429960.8749433836,607593.3297984077
Thread 57 ,1897068.14,1907607.38,1904993.8,1862332.857142857,2045855.42,3650616.18
Thread std 57 ,171440.49990725465,130782.87124270252,101444.57086548119,90262.81400074635,397447.63979464036,585369.9133858999
Thread 58 ,1895386.46,1951810.918367347,1895621.14,1868361.081632653,2127515.96,3450089.08
Thread std 58 ,147350.65327060435,198873.14165293882,91193.75779232987,142334.8051029738,438151.0537540613,544877.595818822
Thread 59 ,1901981.78,1951476.18,1912505.88,1917723.1224489796,2081659.8,3574377.82
Thread std 59 ,116575.15579340539,178610.03796387455,81070.02162344675,248034.11721102273,424860.4539389663,601421.0373844936
Thread 60 ,1907571.56,1969492.62,1917230.3,1883115.1224489796,2101103.78,3526423.04
Thread std 60 ,168158.0157865566,220169.31127303935,182772.84499889417,241895.5985664436,660724.3564489424,663061.9244194427
Thread 61 ,1886489.5,1935721.8,1908384.82,1875840.5102040817,2061385.72,3603185.62
Thread std 61 ,122629.3694916865,104399.71276350353,95734.22304818903,132604.64914127294,340721.87127195526,601724.5648560644
Thread 62 ,1880136.28,1907593.8,1896865.22,1878663.44,2002398.26,3680965.2
Thread std 62 ,124845.05184444618,117746.75483374289,94703.15270645665,112443.69533440063,372942.3638150971,663235.7523593811
Thread 63 ,1932708.1,1950991.7,1909349.28,1867824.8163265307,2112238.32,3457991.32
Thread std 63 ,167487.76422604366,205669.03463309238,97122.3888965939,90992.73604471436,371940.55607838137,577258.4324972315
