Configuration : nrThreads: 32 ,nrServers: 1 ,read sharded: true
Times in queue ,24518.666666666668,30531.66,68573.46,146610.8431372549,280858.43137254904,1903899.0196078431,8630342.666666666
Parsing times ,9246.333333333334,4544.38,4375.3,3791.4117647058824,4148.64705882353,4736.137254901961,4351.450980392156
Service times ,2102532.0,2196600.76,2118879.28,2270157.2352941176,2801227.725490196,3573798.1960784313,3507354.6470588236
Throughput ,706.0,1302.76,2602.88,4616.843137254902,7113.862745098039,8823.21568627451,9232.29411764706
Times in get ,0.0,0.0,0.0,0.0,0.0,0.0,0.0
Times in set ,2092004.0,2190881.0,2113178.84,2264620.4509803923,2795616.5490196077,3567117.705882353,3500473.0
Times in mget ,0.0,0.0,0.0,0.0,0.0,0.0,0.0
Times in mget only memcached part ,0.0,0.0,0.0,0.0,0.0,0.0,0.0
Number of gets ,0.0,0.0,0.0,0.0,0.0,0.0,0.0
Number of sets ,706.0,1302.76,2602.88,4616.843137254902,7113.862745098039,8823.21568627451,9232.29411764706
Number of mgets ,0.0,0.0,0.0,0.0,0.0,0.0,0.0
Number of misses get ,0.0,0.0,0.0,0.0,0.0,0.0,0.0
Arrival rate ,706.0,1302.76,2602.88,4616.843137254902,7113.901960784314,8823.35294117647,9231.450980392157
std Times in queue ,16843.183853812596,9482.543503206512,10721.919433343175,23894.95517666652,36170.79156958272,250639.91367126588,1247736.1013520875
std Parsing times ,8854.232509559106,4728.721555191277,1974.0238533182387,1095.2010258664038,1842.6571664151681,1249.5518239690234,1333.7466823010357
std Service times ,749.5605379153841,79105.60980586366,52255.86396038756,132750.23311822666,209925.0579974747,335315.53891241126,385711.85778281814
std Throughput ,6.0,45.51409738997896,62.321300450134366,338.7931151926804,553.9770760458539,780.3181995500422,898.1031409391161
std Times in get ,0.0,0.0,0.0,0.0,0.0,0.0,0.0
std Times in set ,8604.438854451811,78903.5046421661,52199.58200839762,132346.86175838305,209297.72086855737,335131.8756477989,382904.183715352
std Times in mget ,0.0,0.0,0.0,0.0,0.0,0.0,0.0
std Times in mget only memcached part ,0.0,0.0,0.0,0.0,0.0,0.0,0.0
std Number of gets ,0.0,0.0,0.0,0.0,0.0,0.0,0.0
std Number of sets ,6.0,45.51409738997896,62.321300450134366,338.7931151926804,553.9770760458539,780.3181995500422,898.1031409391161
std Number of mgets ,0.0,0.0,0.0,0.0,0.0,0.0,0.0
std Number of misses get ,0.0,0.0,0.0,0.0,0.0,0.0,0.0
std Arrival rate ,6.0,45.4791093553414,62.250527413551325,338.9627927987979,553.3388927195326,778.8092404056185,899.6464041772298
Thread 0 ,2097107.6666666667,2170447.24,2122835.62,2286434.862745098,2798604.4509803923,3576739.294117647,3492094.0588235296
Thread std 0 ,74560.04651509636,95706.61827296665,105541.53506246938,168766.47159563648,230871.39747273276,355206.7563121115,384811.2883828338
Thread 1 ,2125174.0,2163941.56,2138544.44,2288163.6274509802,2809448.6274509802,3567889.411764706,3519192.8235294116
Thread std 1 ,51708.49553990137,108839.43477794269,84012.36656300507,190508.13067992253,230477.30333479354,365016.06478527363,380924.155808618
Thread 2 ,2071345.0,2200094.56,2121563.14,2265486.8235294116,2797715.7843137253,3596449.588235294,3495238.0196078434
Thread std 2 ,24165.23099413701,186049.3788445839,71959.1315173766,136738.3537633397,227054.675610551,339922.16506219044,365825.36612599686
Thread 3 ,2093148.0,2209116.9,2115633.46,2242903.705882353,2790375.4901960786,3555402.0784313725,3501145.6666666665
Thread std 3 ,62318.426544642476,174898.15427787145,85800.91621560426,130281.0061708604,212331.31191299815,340300.8829215607,379367.01219988364
Thread 4 ,2075731.6666666667,2180021.2,2123540.52,2258497.1960784313,2794768.6274509802,3571377.254901961,3509659.5490196077
Thread std 4 ,72981.89849773253,117041.33638041854,81410.4919461107,131404.32913508132,236459.8856470129,368295.36405330134,382460.4492305218
Thread 5 ,2037172.3333333333,2166662.92,2117672.66,2275212.6470588236,2816275.8235294116,3586974.117647059,3496515.0392156863
Thread std 5 ,34426.8493524071,141638.7903077056,95508.99812948708,164364.55290722792,229829.83183178862,340827.8978240864,377762.98717507836
Thread 6 ,2138230.0,2207713.08,2114367.14,2257206.6274509802,2819368.137254902,3570235.117647059,3522180.9803921566
Thread std 6 ,44618.55164614826,129517.97421772336,62604.35590830949,145848.9295155725,226658.50055005832,346639.2575208785,384556.1645409154
Thread 7 ,2117793.3333333335,2171374.16,2129283.34,2267498.0196078434,2799682.9803921566,3560879.3921568627,3510542.137254902
Thread std 7 ,52342.293046190985,112953.39892878705,87104.87034290029,138990.51334612592,223351.8767106729,320414.6091151325,413465.76140996336
Thread 8 ,2099161.6666666665,2216469.58,2107654.92,2268824.0196078434,2804497.8235294116,3578187.7647058824,3517935.3529411764
Thread std 8 ,77112.9949122282,143603.11613981397,77490.65421301342,161268.90391386556,223737.36530018455,362477.63855606806,413944.03846292186
Thread 9 ,2085554.0,2197520.76,2123813.2,2262641.254901961,2804142.745098039,3597778.431372549,3507088.0588235296
Thread std 9 ,55375.33431953256,155650.53853707027,68921.76305886883,189694.46373248147,225834.55881594768,344675.65773232415,387831.95586003026
Thread 10 ,2245052.3333333335,2195078.04,2119580.04,2267885.0,2796981.431372549,3540374.0,3518937.6274509802
Thread std 10 ,331126.0879488859,133698.39528885414,80598.46834670682,181968.25325797903,250425.5240864441,321789.5580069683,367134.8276198792
Thread 11 ,2322092.0,2174695.92,2117251.98,2280943.411764706,2799658.588235294,3601641.0392156863,3503701.8039215687
Thread std 11 ,172891.00135923788,118940.39393641072,77086.35818736951,172928.75370951774,214728.64188851716,355113.64337969106,344641.46667341236
Thread 12 ,2092116.6666666667,2237265.88,2107288.46,2272445.862745098,2793936.31372549,3577189.3921568627,3500905.8039215687
Thread std 12 ,127615.24990506948,197383.34540495207,70441.71160212636,169915.31063797863,210978.88343542727,344675.5143630066,369643.28450326377
Thread 13 ,2138083.0,2186963.68,2114414.9,2262710.568627451,2803149.431372549,3603788.254901961,3511433.3921568627
Thread std 13 ,81179.89320638454,132097.98963114232,80811.2671327584,153281.84056492208,234151.17386750423,348647.9821641217,432242.0292128047
Thread 14 ,2061823.6666666667,2214899.54,2117066.88,2241810.098039216,2831464.901960784,3559934.0588235296,3504885.9215686275
Thread std 14 ,84644.9342626795,170815.94772596256,68581.04453012106,151312.78560415903,232746.1649205206,321679.4882233812,389914.63900432584
Thread 15 ,2070789.0,2181011.64,2119372.86,2255911.568627451,2792068.411764706,3578009.725490196,3490834.5490196077
Thread std 15 ,71213.04601686407,145459.89649577517,76462.99338442442,142895.47684391623,221511.26594366945,359600.5857257787,384394.5462235027
Thread 16 ,2085408.6666666667,2174990.9,2114435.58,2280578.6078431373,2818645.156862745,3576954.843137255,3516086.1960784313
Thread std 16 ,72321.01136138331,106198.95682627865,71493.46897761118,187683.8869139361,230417.0950843164,322475.4096953982,381143.8780037806
Thread 17 ,2122144.6666666665,2188619.7,2128708.7,2272421.9215686275,2787478.1960784313,3561650.8039215687,3519058.0392156863
Thread std 17 ,64064.14545073815,156675.27954811376,99503.65807638246,177147.71356219565,226497.09165408896,320101.5680480194,408286.13932294893
Thread 18 ,2041154.0,2196461.7,2126636.48,2291860.843137255,2801885.843137255,3572828.0196078434,3502436.6274509802
Thread std 18 ,21734.20895730967,150434.76287899414,83511.105822419,195890.96348911786,223452.82503699727,351081.234613956,367305.0395586187
Thread 19 ,2080260.3333333333,2190939.12,2125448.46,2285362.4901960786,2812637.6666666665,3570301.0784313725,3500695.843137255
Thread std 19 ,18093.32369503551,134961.80754457755,79706.00106416845,154976.48283779994,231702.2914361156,339657.3457247079,380173.7776619725
Thread 20 ,2072551.0,2190871.62,2130562.96,2268473.411764706,2779236.862745098,3550707.745098039,3517785.0
Thread std 20 ,67399.71715816025,120598.11284422052,94330.55908205497,154794.106144023,208980.26225392864,335671.5604293485,400102.95469286403
Thread 21 ,2038769.0,2190053.24,2112915.22,2261271.0196078434,2821096.529411765,3577795.9803921566,3499141.9607843137
Thread std 21 ,19597.9420348158,124450.52228497255,73893.48376542704,165084.26237645917,237404.51746345122,345583.70506848214,388976.0915252227
Thread 22 ,2070589.0,2202276.76,2102266.4,2265801.1764705884,2780783.0588235296,3567600.1960784313,3504020.2352941176
Thread std 22 ,49385.997570161526,121394.42765235671,60274.57275007497,143919.1048732177,208635.03223710172,347323.8183228452,406262.63045973546
Thread 23 ,2069889.0,2200990.74,2126732.0,2263642.5490196077,2776312.901960784,3575916.294117647,3499564.882352941
Thread std 23 ,10590.012086867513,183407.47859096224,79378.36467739269,159758.01941089708,235776.14214370842,344477.98676596413,457233.54232709773
Thread 24 ,2115213.6666666665,2209325.12,2115537.56,2273724.568627451,2803120.4901960786,3565952.6274509802,3499418.431372549
Thread std 24 ,42758.13731131576,155526.22762771478,57050.209403167886,161005.54815462165,234509.8254555977,336898.0103681208,382198.55553192535
Thread 25 ,2128414.3333333335,2222215.46,2119683.1,2275568.0784313725,2773043.254901961,3553707.274509804,3513633.0784313725
Thread std 25 ,69741.92238054048,206092.57088326567,77834.47348038906,176661.37028732037,228048.20389574158,343639.63321712933,364568.1262734768
Thread 26 ,2052155.6666666667,2224844.68,2105111.54,2280493.411764706,2823023.2156862747,3570784.7843137253,3527526.0392156863
Thread std 26 ,89243.19819646388,155477.07115965788,59817.554532881775,208174.9451432786,230701.24590502874,347449.7439893898,461062.5385177573
Thread 27 ,2149196.3333333335,2176384.18,2111108.58,2293353.7843137253,2805853.254901961,3579157.411764706,3524896.843137255
Thread std 27 ,99429.11588832183,129242.42289047195,65663.2672939594,167846.09703097818,225130.33017999536,361895.1792288025,435040.0444951877
Thread 28 ,2156005.6666666665,2202185.26,2118499.8,2268676.68627451,2787649.6470588236,3591124.431372549,3519384.4509803923
Thread std 28 ,101493.12166020578,128559.2932850497,70477.48422332467,199784.0455036878,232849.2760008348,350690.43462388625,394504.80900842336
Thread 29 ,2032990.3333333333,2238340.3,2122065.96,2266546.294117647,2802898.0392156863,3572996.725490196,3491649.5490196077
Thread std 29 ,34848.144704321545,215895.37540511685,80383.8138166674,214528.14781406138,219304.2642763666,324229.00784421363,369822.29354133393
Thread 30 ,2032236.0,2199485.3,2111349.24,2288720.3333333335,2794255.4901960786,3581547.0196078434,3520601.745098039
Thread std 30 ,51567.66207615001,173660.45071912426,69336.18376816726,173820.8802267054,209253.31477903738,351553.9594864202,448457.21222965483
Thread 31 ,2167254.3333333335,2206822.32,2123911.68,2255685.117647059,2815895.1960784313,3613426.568627451,3521289.3529411764
Thread std 31 ,66399.164093634,168348.69064502852,89099.35784221742,130685.41640851086,225166.2103116735,362137.1582275011,423372.60472004197
