Configuration : nrThreads: 16 ,nrServers: 1 ,read sharded: true
Times in queue ,109715.3,146199.12,198614.72,261742.02,486106.24,5259020.84
Parsing times ,8975.22,7644.38,7135.0,6945.32,7088.68,6894.62
Service times ,2353929.36,2330625.28,2285386.24,2364775.64,2607116.12,2618240.42
Throughput ,426.72,847.84,1673.08,3229.38,5683.12,6120.82
Times in get ,2342550.66,2320196.4,2275697.58,2355025.14,2597091.62,2608302.7
Times in set ,0.0,0.0,0.0,0.0,0.0,0.0
Times in mget ,0.0,0.0,0.0,0.0,0.0,0.0
Times in mget only memcached part ,0.0,0.0,0.0,0.0,0.0,0.0
Queue lengths ,1.0,1.0,1.9,2.32,4.12,31.82
Number of gets ,426.72,847.84,1673.08,3229.38,5683.12,6120.82
Number of sets ,0.0,0.0,0.0,0.0,0.0,0.0
Number of mgets ,0.0,0.0,0.0,0.0,0.0,0.0
Number of misses get ,58.28,115.98,229.34,439.86,775.44,843.0612244897959
Arrival rate ,426.74,847.86,1673.0,3229.34,5683.1,6120.78
std Times in queue ,16622.348023252387,20874.050835212136,34715.88746395223,46710.13555155337,90137.52691158741,257524.35492743246
std Parsing times ,3919.0362897539194,788.7722541897576,1350.1830110267667,439.84090073478126,451.43880820219744,333.3115163608595
std Service times ,84984.65448388494,70699.87429831507,81860.32056922527,98095.76866048934,144137.33337775682,113062.06695982593
std Throughput ,12.834964999197009,21.884073045510167,56.749301892676385,131.8067369991661,325.8547090784042,257.49996552407146
std Times in get ,84659.8491334009,70660.9431910802,82023.03436954369,97991.4710761803,144065.85898319885,112947.84196025875
std Times in set ,0.0,0.0,0.0,0.0,0.0,0.0
std Times in mget ,0.0,0.0,0.0,0.0,0.0,0.0
std Times in mget only memcached part ,0.0,0.0,0.0,0.0,0.0,0.0
std Queue lengths ,0.0,0.0,0.30304576336566313,0.47121207149916117,0.3282607226593161,0.6605501726683934
std Number of gets ,12.834964999197009,21.884073045510167,56.749301892676385,131.8067369991661,325.8547090784042,257.49996552407146
std Number of sets ,0.0,0.0,0.0,0.0,0.0,0.0
std Number of mgets ,0.0,0.0,0.0,0.0,0.0,0.0
std Number of misses get ,9.953032560122427,17.383419263945814,31.75776299118188,56.75871235829288,93.09993752600984,134.86048472453322
std Arrival rate ,12.861602401199107,21.91822464134747,56.22839721227366,132.77134095727072,326.6481131063187,257.3452608176536
Thread 0 ,2316329.9,2323060.06,2289679.4,2364757.18,2609917.24,2615196.78
Thread std 0 ,95807.9016193554,119898.35723805426,109691.28830960281,101465.67597050054,147980.57266240133,110871.5187698733
Thread 1 ,2355209.64,2324205.12,2295512.48,2370985.46,2615392.1,2619930.18
Thread std 1 ,190712.00047574248,81430.94710936477,114961.99819323438,105114.98344178985,144207.91666318718,115324.4258773766
Thread 2 ,2343225.42,2329168.88,2264047.08,2361700.76,2603662.06,2623262.4
Thread std 2 ,114750.06388564136,87367.44740547574,78623.34475408687,106099.80786121207,136316.9090033251,114946.43131902616
Thread 3 ,2360462.5,2307328.52,2294458.9,2372028.36,2607896.06,2618561.82
Thread std 3 ,126231.30290248604,94136.88931946122,107736.84637157261,107298.24046463451,145180.9693432487,109515.01949787527
Thread 4 ,2358147.88,2345213.46,2291459.6,2359753.44,2606006.84,2612206.8
Thread std 4 ,127262.55784483431,125999.95033384347,108392.52523385287,101335.41318831906,142106.28176543908,121221.92094010128
Thread 5 ,2368505.64,2332288.36,2275558.78,2366265.32,2608778.78,2619033.28
Thread std 5 ,146407.90468145732,148835.21746161877,88194.55682063007,110988.99362226538,142921.9825919436,115612.73284654476
Thread 6 ,2360764.14,2323125.38,2275773.76,2360530.1,2606320.9,2614347.18
Thread std 6 ,155044.44279914832,115350.99017256605,96811.8795494665,101628.96891348631,151185.2800444959,109249.72533915694
Thread 7 ,2360216.12,2314494.76,2286601.58,2371255.86,2608290.96,2624277.24
Thread std 7 ,118955.54670885099,81989.69208221936,94721.15029532202,107502.43362219426,145528.96277373232,113395.43724426824
Thread 8 ,2333452.4,2330642.9,2276807.98,2362714.7,2612867.88,2619794.84
Thread std 8 ,125959.1083303933,87741.4123505857,99284.20681476146,111102.31822197013,150268.72622448145,118133.61268605811
Thread 9 ,2372665.3,2350941.4,2279515.06,2361071.04,2605013.96,2621019.92
Thread std 9 ,203020.9696205879,144539.4250839259,109474.08979304982,106653.01669431748,143283.79707789572,122327.78395182715
Thread 10 ,2339005.52,2357787.54,2292830.14,2358766.84,2605977.24,2620639.48
Thread std 10 ,122977.18007896043,139168.01693214176,119898.54827975293,98453.02460406265,145617.03086977493,118145.07442214373
Thread 11 ,2376552.34,2320644.34,2296447.78,2364849.28,2604952.38,2617846.48
Thread std 11 ,148504.53858461353,120642.75787082271,117737.00869072734,94982.43125861515,146994.7463995116,112992.20670475373
Thread 12 ,2358830.84,2336599.0,2294449.64,2362760.4,2602365.56,2621576.26
Thread std 12 ,176450.22597730858,108425.73602278027,93673.37005956781,101277.95497862832,150302.4996931406,116667.39657655617
Thread 13 ,2345040.68,2329916.98,2278545.88,2364699.44,2608525.48,2619329.02
Thread std 13 ,131313.25578988745,96368.50324654412,106511.26450069179,96927.44052486069,145904.77269113102,109444.08915812975
Thread 14 ,2347771.18,2319024.24,2292072.5,2368779.08,2606179.82,2616092.42
Thread std 14 ,128143.24575680682,93838.96653626513,102249.18572306879,108470.960047499,147885.83869235907,113658.90548462473
Thread 15 ,2365497.94,2344103.0,2281172.94,2365993.16,2604061.92,2611287.98
Thread std 15 ,196615.00420732214,112176.59844283068,97079.27374971364,103294.86801037117,148637.8318410277,115650.92202681591
