Configuration : nrThreads: 16 ,nrServers: 1 ,read sharded: true
Times in queue ,20615.12,26669.8,93334.32,184949.24,1511144.44,5796573.814814814
Parsing times ,4047.36,2829.0,2888.4,4022.1,3216.84,2994.3888888888887
Service times ,2298100.62,2278405.52,2154771.26,2325881.76,2447236.5,2376607.9814814813
Throughput ,634.22,1259.7,2590.32,4565.0,6520.22,6326.333333333333
Times in get ,0.0,0.0,0.0,0.0,0.0,0.0
Times in set ,2292896.7,2274364.18,2150621.32,2320686.4,2442909.78,2372470.0
Times in mget ,0.0,0.0,0.0,0.0,0.0,0.0
Times in mget only memcached part ,0.0,0.0,0.0,0.0,0.0,0.0
Number of gets ,0.0,0.0,0.0,0.0,0.0,0.0
Number of sets ,634.22,1259.7,2590.32,4565.0,6520.22,6326.333333333333
Number of mgets ,0.0,0.0,0.0,0.0,0.0,0.0
Number of misses get ,0.0,0.0,0.0,0.0,0.0,0.0
Arrival rate ,634.22,1259.7,2590.3,4564.8,6520.16,6325.685185185185
std Times in queue ,13998.010694876526,12384.42950166186,26985.981193900498,26960.71956100851,70997.78025882218,1468792.7888118403
std Parsing times ,2592.015201832468,292.3126645863142,371.26837204592664,1529.8044059317394,808.2035346800876,529.0895140110773
std Service times ,77725.90621468153,94244.45909144139,38412.37059074079,107414.32275483565,78485.16925580427,59036.441463068324
std Throughput ,26.69960635649591,52.314297417491076,53.55768966683476,229.4026848943462,221.0281439277887,1577.298933153859
std Times in get ,0.0,0.0,0.0,0.0,0.0,0.0
std Times in set ,77940.18282258754,94264.68032688703,38438.63255783065,107214.67605049339,78457.9167398338,58989.86594194851
std Times in mget ,0.0,0.0,0.0,0.0,0.0,0.0
std Times in mget only memcached part ,0.0,0.0,0.0,0.0,0.0,0.0
std Number of gets ,0.0,0.0,0.0,0.0,0.0,0.0
std Number of sets ,26.69960635649591,52.314297417491076,53.55768966683476,229.4026848943462,221.0281439277887,1577.298933153859
std Number of mgets ,0.0,0.0,0.0,0.0,0.0,0.0
std Number of misses get ,0.0,0.0,0.0,0.0,0.0,0.0
std Arrival rate ,26.708013014518198,52.314297417491076,53.991023441354564,229.2965284499172,220.74154801579192,1579.144428301844
Thread 0 ,2291031.4,2250996.06,2150007.78,2327896.96,2448480.54,2375438.296296296
Thread std 0 ,114657.45505510875,93798.12826195042,50091.13030951993,108796.5163504713,81771.38139965944,59355.125756190544
Thread 1 ,2281329.46,2289826.06,2165804.68,2327700.4,2451516.88,2374611.611111111
Thread std 1 ,100545.44088025318,120711.39135725544,55284.3805052991,105243.17002687689,86786.87030567869,66921.91831020394
Thread 2 ,2285953.12,2283742.12,2148420.26,2325851.08,2448912.64,2385799.8703703703
Thread std 2 ,118861.53469627023,108562.9177627839,40964.4857988936,114904.69974399991,83991.88564762233,72710.60439672878
Thread 3 ,2297003.68,2279400.42,2160620.94,2325591.06,2447283.04,2380021.814814815
Thread std 3 ,122001.9931773348,98717.47465163152,54572.463663111565,110487.7124492205,80004.94761510893,58140.42714146048
Thread 4 ,2295783.48,2276258.54,2164945.26,2328043.26,2446632.1,2379976.814814815
Thread std 4 ,102391.67888190276,116607.51504332814,52326.01761437611,123814.10850945962,80055.35358540161,71240.64179975171
Thread 5 ,2296175.8,2274496.84,2154568.38,2325993.3,2447081.5,2373998.222222222
Thread std 5 ,110465.92929043778,113228.8817436287,58524.74115570653,121870.8138248725,80942.65597732301,67423.78458049677
Thread 6 ,2293406.0,2271587.32,2150220.66,2325770.54,2445087.74,2374611.537037037
Thread std 6 ,106889.3312818335,108561.03213521349,50663.85769959182,121336.72743359403,78119.49615546736,61514.89049822032
Thread 7 ,2304611.76,2284137.34,2174313.94,2325147.5,2449280.56,2374732.407407407
Thread std 7 ,148735.3016556402,98420.64758020306,59893.425696393315,110868.52976353827,80498.1040976286,61329.73350960518
Thread 8 ,2290549.98,2281384.18,2158852.62,2320576.88,2444690.08,2372431.5208333335
Thread std 8 ,112605.75014398416,102002.38377320365,54174.85020760018,118489.42035949102,80265.86123063472,67942.05036771977
Thread 9 ,2320588.06,2272104.26,2160043.86,2321209.7,2446884.46,2376398.685185185
Thread std 9 ,109547.94013719496,103912.88082474843,53153.63387927336,104414.99906666589,81930.57894867896,55581.79103988022
Thread 10 ,2293633.0,2289826.06,2165804.68,2327700.4,2451516.88,2374611.611111111
Thread 10 ,2293633.0,2289826.06,2165804.68,2327700.4,2451516.88,2380591.4814814813
Thread 10 ,2293633.0,2289826.06,2165804.68,2327700.4,2445615.6,2374611.611111111
Thread 10 ,2293633.0,2289826.06,2165804.68,2327700.4,2445615.6,2380591.4814814813
Thread 10 ,2293633.0,2289826.06,2165804.68,2323815.92,2451516.88,2374611.611111111
Thread 10 ,2293633.0,2289826.06,2165804.68,2323815.92,2451516.88,2380591.4814814813
Thread 10 ,2293633.0,2289826.06,2165804.68,2323815.92,2445615.6,2374611.611111111
Thread 10 ,2293633.0,2289826.06,2165804.68,2323815.92,2445615.6,2380591.4814814813
Thread 10 ,2293633.0,2289826.06,2153772.58,2327700.4,2451516.88,2374611.611111111
Thread 10 ,2293633.0,2289826.06,2153772.58,2327700.4,2451516.88,2380591.4814814813
Thread 10 ,2293633.0,2289826.06,2153772.58,2327700.4,2445615.6,2374611.611111111
Thread 10 ,2293633.0,2289826.06,2153772.58,2327700.4,2445615.6,2380591.4814814813
Thread 10 ,2293633.0,2289826.06,2153772.58,2323815.92,2451516.88,2374611.611111111
Thread 10 ,2293633.0,2289826.06,2153772.58,2323815.92,2451516.88,2380591.4814814813
Thread 10 ,2293633.0,2289826.06,2153772.58,2323815.92,2445615.6,2374611.611111111
Thread 10 ,2293633.0,2289826.06,2153772.58,2323815.92,2445615.6,2380591.4814814813
Thread 10 ,2293633.0,2277320.88,2165804.68,2327700.4,2451516.88,2374611.611111111
Thread 10 ,2293633.0,2277320.88,2165804.68,2327700.4,2451516.88,2380591.4814814813
Thread 10 ,2293633.0,2277320.88,2165804.68,2327700.4,2445615.6,2374611.611111111
Thread 10 ,2293633.0,2277320.88,2165804.68,2327700.4,2445615.6,2380591.4814814813
Thread 10 ,2293633.0,2277320.88,2165804.68,2323815.92,2451516.88,2374611.611111111
Thread 10 ,2293633.0,2277320.88,2165804.68,2323815.92,2451516.88,2380591.4814814813
Thread 10 ,2293633.0,2277320.88,2165804.68,2323815.92,2445615.6,2374611.611111111
Thread 10 ,2293633.0,2277320.88,2165804.68,2323815.92,2445615.6,2380591.4814814813
Thread 10 ,2293633.0,2277320.88,2153772.58,2327700.4,2451516.88,2374611.611111111
Thread 10 ,2293633.0,2277320.88,2153772.58,2327700.4,2451516.88,2380591.4814814813
Thread 10 ,2293633.0,2277320.88,2153772.58,2327700.4,2445615.6,2374611.611111111
Thread 10 ,2293633.0,2277320.88,2153772.58,2327700.4,2445615.6,2380591.4814814813
Thread 10 ,2293633.0,2277320.88,2153772.58,2323815.92,2451516.88,2374611.611111111
Thread 10 ,2293633.0,2277320.88,2153772.58,2323815.92,2451516.88,2380591.4814814813
Thread 10 ,2293633.0,2277320.88,2153772.58,2323815.92,2445615.6,2374611.611111111
Thread 10 ,2293633.0,2277320.88,2153772.58,2323815.92,2445615.6,2380591.4814814813
Thread std 10 ,126032.44869817115,120711.39135725544,55284.3805052991,105243.17002687689,86786.87030567869,66921.91831020394
Thread std 10 ,126032.44869817115,120711.39135725544,55284.3805052991,105243.17002687689,86786.87030567869,61105.067103214365
Thread std 10 ,126032.44869817115,120711.39135725544,55284.3805052991,105243.17002687689,77660.26332319877,66921.91831020394
Thread std 10 ,126032.44869817115,120711.39135725544,55284.3805052991,105243.17002687689,77660.26332319877,61105.067103214365
Thread std 10 ,126032.44869817115,120711.39135725544,55284.3805052991,120725.95421641057,86786.87030567869,66921.91831020394
Thread std 10 ,126032.44869817115,120711.39135725544,55284.3805052991,120725.95421641057,86786.87030567869,61105.067103214365
Thread std 10 ,126032.44869817115,120711.39135725544,55284.3805052991,120725.95421641057,77660.26332319877,66921.91831020394
Thread std 10 ,126032.44869817115,120711.39135725544,55284.3805052991,120725.95421641057,77660.26332319877,61105.067103214365
Thread std 10 ,126032.44869817115,120711.39135725544,67910.13417718196,105243.17002687689,86786.87030567869,66921.91831020394
Thread std 10 ,126032.44869817115,120711.39135725544,67910.13417718196,105243.17002687689,86786.87030567869,61105.067103214365
Thread std 10 ,126032.44869817115,120711.39135725544,67910.13417718196,105243.17002687689,77660.26332319877,66921.91831020394
Thread std 10 ,126032.44869817115,120711.39135725544,67910.13417718196,105243.17002687689,77660.26332319877,61105.067103214365
Thread std 10 ,126032.44869817115,120711.39135725544,67910.13417718196,120725.95421641057,86786.87030567869,66921.91831020394
Thread std 10 ,126032.44869817115,120711.39135725544,67910.13417718196,120725.95421641057,86786.87030567869,61105.067103214365
Thread std 10 ,126032.44869817115,120711.39135725544,67910.13417718196,120725.95421641057,77660.26332319877,66921.91831020394
Thread std 10 ,126032.44869817115,120711.39135725544,67910.13417718196,120725.95421641057,77660.26332319877,61105.067103214365
Thread std 10 ,126032.44869817115,95381.43731797319,55284.3805052991,105243.17002687689,86786.87030567869,66921.91831020394
Thread std 10 ,126032.44869817115,95381.43731797319,55284.3805052991,105243.17002687689,86786.87030567869,61105.067103214365
Thread std 10 ,126032.44869817115,95381.43731797319,55284.3805052991,105243.17002687689,77660.26332319877,66921.91831020394
Thread std 10 ,126032.44869817115,95381.43731797319,55284.3805052991,105243.17002687689,77660.26332319877,61105.067103214365
Thread std 10 ,126032.44869817115,95381.43731797319,55284.3805052991,120725.95421641057,86786.87030567869,66921.91831020394
Thread std 10 ,126032.44869817115,95381.43731797319,55284.3805052991,120725.95421641057,86786.87030567869,61105.067103214365
Thread std 10 ,126032.44869817115,95381.43731797319,55284.3805052991,120725.95421641057,77660.26332319877,66921.91831020394
Thread std 10 ,126032.44869817115,95381.43731797319,55284.3805052991,120725.95421641057,77660.26332319877,61105.067103214365
Thread std 10 ,126032.44869817115,95381.43731797319,67910.13417718196,105243.17002687689,86786.87030567869,66921.91831020394
Thread std 10 ,126032.44869817115,95381.43731797319,67910.13417718196,105243.17002687689,86786.87030567869,61105.067103214365
Thread std 10 ,126032.44869817115,95381.43731797319,67910.13417718196,105243.17002687689,77660.26332319877,66921.91831020394
Thread std 10 ,126032.44869817115,95381.43731797319,67910.13417718196,105243.17002687689,77660.26332319877,61105.067103214365
Thread std 10 ,126032.44869817115,95381.43731797319,67910.13417718196,120725.95421641057,86786.87030567869,66921.91831020394
Thread std 10 ,126032.44869817115,95381.43731797319,67910.13417718196,120725.95421641057,86786.87030567869,61105.067103214365
Thread std 10 ,126032.44869817115,95381.43731797319,67910.13417718196,120725.95421641057,77660.26332319877,66921.91831020394
Thread std 10 ,126032.44869817115,95381.43731797319,67910.13417718196,120725.95421641057,77660.26332319877,61105.067103214365
Thread 11 ,2311454.08,2289826.06,2165804.68,2327700.4,2451516.88,2374611.611111111
Thread 11 ,2311454.08,2289826.06,2165804.68,2327700.4,2451516.88,2373895.8333333335
Thread 11 ,2311454.08,2289826.06,2165804.68,2327700.4,2447707.94,2374611.611111111
Thread 11 ,2311454.08,2289826.06,2165804.68,2327700.4,2447707.94,2373895.8333333335
Thread 11 ,2311454.08,2289826.06,2165804.68,2333618.06,2451516.88,2374611.611111111
Thread 11 ,2311454.08,2289826.06,2165804.68,2333618.06,2451516.88,2373895.8333333335
Thread 11 ,2311454.08,2289826.06,2165804.68,2333618.06,2447707.94,2374611.611111111
Thread 11 ,2311454.08,2289826.06,2165804.68,2333618.06,2447707.94,2373895.8333333335
Thread 11 ,2311454.08,2289826.06,2149756.18,2327700.4,2451516.88,2374611.611111111
Thread 11 ,2311454.08,2289826.06,2149756.18,2327700.4,2451516.88,2373895.8333333335
Thread 11 ,2311454.08,2289826.06,2149756.18,2327700.4,2447707.94,2374611.611111111
Thread 11 ,2311454.08,2289826.06,2149756.18,2327700.4,2447707.94,2373895.8333333335
Thread 11 ,2311454.08,2289826.06,2149756.18,2333618.06,2451516.88,2374611.611111111
Thread 11 ,2311454.08,2289826.06,2149756.18,2333618.06,2451516.88,2373895.8333333335
Thread 11 ,2311454.08,2289826.06,2149756.18,2333618.06,2447707.94,2374611.611111111
Thread 11 ,2311454.08,2289826.06,2149756.18,2333618.06,2447707.94,2373895.8333333335
Thread 11 ,2311454.08,2277670.84,2165804.68,2327700.4,2451516.88,2374611.611111111
Thread 11 ,2311454.08,2277670.84,2165804.68,2327700.4,2451516.88,2373895.8333333335
Thread 11 ,2311454.08,2277670.84,2165804.68,2327700.4,2447707.94,2374611.611111111
Thread 11 ,2311454.08,2277670.84,2165804.68,2327700.4,2447707.94,2373895.8333333335
Thread 11 ,2311454.08,2277670.84,2165804.68,2333618.06,2451516.88,2374611.611111111
Thread 11 ,2311454.08,2277670.84,2165804.68,2333618.06,2451516.88,2373895.8333333335
Thread 11 ,2311454.08,2277670.84,2165804.68,2333618.06,2447707.94,2374611.611111111
Thread 11 ,2311454.08,2277670.84,2165804.68,2333618.06,2447707.94,2373895.8333333335
Thread 11 ,2311454.08,2277670.84,2149756.18,2327700.4,2451516.88,2374611.611111111
Thread 11 ,2311454.08,2277670.84,2149756.18,2327700.4,2451516.88,2373895.8333333335
Thread 11 ,2311454.08,2277670.84,2149756.18,2327700.4,2447707.94,2374611.611111111
Thread 11 ,2311454.08,2277670.84,2149756.18,2327700.4,2447707.94,2373895.8333333335
Thread 11 ,2311454.08,2277670.84,2149756.18,2333618.06,2451516.88,2374611.611111111
Thread 11 ,2311454.08,2277670.84,2149756.18,2333618.06,2451516.88,2373895.8333333335
Thread 11 ,2311454.08,2277670.84,2149756.18,2333618.06,2447707.94,2374611.611111111
Thread 11 ,2311454.08,2277670.84,2149756.18,2333618.06,2447707.94,2373895.8333333335
Thread std 11 ,122850.9032076372,120711.39135725544,55284.3805052991,105243.17002687689,86786.87030567869,66921.91831020394
Thread std 11 ,122850.9032076372,120711.39135725544,55284.3805052991,105243.17002687689,86786.87030567869,69255.89149266217
Thread std 11 ,122850.9032076372,120711.39135725544,55284.3805052991,105243.17002687689,78502.06758551273,66921.91831020394
Thread std 11 ,122850.9032076372,120711.39135725544,55284.3805052991,105243.17002687689,78502.06758551273,69255.89149266217
Thread std 11 ,122850.9032076372,120711.39135725544,55284.3805052991,112097.4556996869,86786.87030567869,66921.91831020394
Thread std 11 ,122850.9032076372,120711.39135725544,55284.3805052991,112097.4556996869,86786.87030567869,69255.89149266217
Thread std 11 ,122850.9032076372,120711.39135725544,55284.3805052991,112097.4556996869,78502.06758551273,66921.91831020394
Thread std 11 ,122850.9032076372,120711.39135725544,55284.3805052991,112097.4556996869,78502.06758551273,69255.89149266217
Thread std 11 ,122850.9032076372,120711.39135725544,50596.76404055008,105243.17002687689,86786.87030567869,66921.91831020394
Thread std 11 ,122850.9032076372,120711.39135725544,50596.76404055008,105243.17002687689,86786.87030567869,69255.89149266217
Thread std 11 ,122850.9032076372,120711.39135725544,50596.76404055008,105243.17002687689,78502.06758551273,66921.91831020394
Thread std 11 ,122850.9032076372,120711.39135725544,50596.76404055008,105243.17002687689,78502.06758551273,69255.89149266217
Thread std 11 ,122850.9032076372,120711.39135725544,50596.76404055008,112097.4556996869,86786.87030567869,66921.91831020394
Thread std 11 ,122850.9032076372,120711.39135725544,50596.76404055008,112097.4556996869,86786.87030567869,69255.89149266217
Thread std 11 ,122850.9032076372,120711.39135725544,50596.76404055008,112097.4556996869,78502.06758551273,66921.91831020394
Thread std 11 ,122850.9032076372,120711.39135725544,50596.76404055008,112097.4556996869,78502.06758551273,69255.89149266217
Thread std 11 ,122850.9032076372,115639.62016353098,55284.3805052991,105243.17002687689,86786.87030567869,66921.91831020394
Thread std 11 ,122850.9032076372,115639.62016353098,55284.3805052991,105243.17002687689,86786.87030567869,69255.89149266217
Thread std 11 ,122850.9032076372,115639.62016353098,55284.3805052991,105243.17002687689,78502.06758551273,66921.91831020394
Thread std 11 ,122850.9032076372,115639.62016353098,55284.3805052991,105243.17002687689,78502.06758551273,69255.89149266217
Thread std 11 ,122850.9032076372,115639.62016353098,55284.3805052991,112097.4556996869,86786.87030567869,66921.91831020394
Thread std 11 ,122850.9032076372,115639.62016353098,55284.3805052991,112097.4556996869,86786.87030567869,69255.89149266217
Thread std 11 ,122850.9032076372,115639.62016353098,55284.3805052991,112097.4556996869,78502.06758551273,66921.91831020394
Thread std 11 ,122850.9032076372,115639.62016353098,55284.3805052991,112097.4556996869,78502.06758551273,69255.89149266217
Thread std 11 ,122850.9032076372,115639.62016353098,50596.76404055008,105243.17002687689,86786.87030567869,66921.91831020394
Thread std 11 ,122850.9032076372,115639.62016353098,50596.76404055008,105243.17002687689,86786.87030567869,69255.89149266217
Thread std 11 ,122850.9032076372,115639.62016353098,50596.76404055008,105243.17002687689,78502.06758551273,66921.91831020394
Thread std 11 ,122850.9032076372,115639.62016353098,50596.76404055008,105243.17002687689,78502.06758551273,69255.89149266217
Thread std 11 ,122850.9032076372,115639.62016353098,50596.76404055008,112097.4556996869,86786.87030567869,66921.91831020394
Thread std 11 ,122850.9032076372,115639.62016353098,50596.76404055008,112097.4556996869,86786.87030567869,69255.89149266217
Thread std 11 ,122850.9032076372,115639.62016353098,50596.76404055008,112097.4556996869,78502.06758551273,66921.91831020394
Thread std 11 ,122850.9032076372,115639.62016353098,50596.76404055008,112097.4556996869,78502.06758551273,69255.89149266217
Thread 12 ,2295559.04,2289826.06,2165804.68,2327700.4,2451516.88,2374611.611111111
Thread 12 ,2295559.04,2289826.06,2165804.68,2327700.4,2451516.88,2374162.407407407
Thread 12 ,2295559.04,2289826.06,2165804.68,2327700.4,2446649.88,2374611.611111111
Thread 12 ,2295559.04,2289826.06,2165804.68,2327700.4,2446649.88,2374162.407407407
Thread 12 ,2295559.04,2289826.06,2165804.68,2327475.8,2451516.88,2374611.611111111
Thread 12 ,2295559.04,2289826.06,2165804.68,2327475.8,2451516.88,2374162.407407407
Thread 12 ,2295559.04,2289826.06,2165804.68,2327475.8,2446649.88,2374611.611111111
Thread 12 ,2295559.04,2289826.06,2165804.68,2327475.8,2446649.88,2374162.407407407
Thread 12 ,2295559.04,2289826.06,2156011.62,2327700.4,2451516.88,2374611.611111111
Thread 12 ,2295559.04,2289826.06,2156011.62,2327700.4,2451516.88,2374162.407407407
Thread 12 ,2295559.04,2289826.06,2156011.62,2327700.4,2446649.88,2374611.611111111
Thread 12 ,2295559.04,2289826.06,2156011.62,2327700.4,2446649.88,2374162.407407407
Thread 12 ,2295559.04,2289826.06,2156011.62,2327475.8,2451516.88,2374611.611111111
Thread 12 ,2295559.04,2289826.06,2156011.62,2327475.8,2451516.88,2374162.407407407
Thread 12 ,2295559.04,2289826.06,2156011.62,2327475.8,2446649.88,2374611.611111111
Thread 12 ,2295559.04,2289826.06,2156011.62,2327475.8,2446649.88,2374162.407407407
Thread 12 ,2295559.04,2281076.44,2165804.68,2327700.4,2451516.88,2374611.611111111
Thread 12 ,2295559.04,2281076.44,2165804.68,2327700.4,2451516.88,2374162.407407407
Thread 12 ,2295559.04,2281076.44,2165804.68,2327700.4,2446649.88,2374611.611111111
Thread 12 ,2295559.04,2281076.44,2165804.68,2327700.4,2446649.88,2374162.407407407
Thread 12 ,2295559.04,2281076.44,2165804.68,2327475.8,2451516.88,2374611.611111111
Thread 12 ,2295559.04,2281076.44,2165804.68,2327475.8,2451516.88,2374162.407407407
Thread 12 ,2295559.04,2281076.44,2165804.68,2327475.8,2446649.88,2374611.611111111
Thread 12 ,2295559.04,2281076.44,2165804.68,2327475.8,2446649.88,2374162.407407407
Thread 12 ,2295559.04,2281076.44,2156011.62,2327700.4,2451516.88,2374611.611111111
Thread 12 ,2295559.04,2281076.44,2156011.62,2327700.4,2451516.88,2374162.407407407
Thread 12 ,2295559.04,2281076.44,2156011.62,2327700.4,2446649.88,2374611.611111111
Thread 12 ,2295559.04,2281076.44,2156011.62,2327700.4,2446649.88,2374162.407407407
Thread 12 ,2295559.04,2281076.44,2156011.62,2327475.8,2451516.88,2374611.611111111
Thread 12 ,2295559.04,2281076.44,2156011.62,2327475.8,2451516.88,2374162.407407407
Thread 12 ,2295559.04,2281076.44,2156011.62,2327475.8,2446649.88,2374611.611111111
Thread 12 ,2295559.04,2281076.44,2156011.62,2327475.8,2446649.88,2374162.407407407
Thread std 12 ,126255.66242787056,120711.39135725544,55284.3805052991,105243.17002687689,86786.87030567869,66921.91831020394
Thread std 12 ,126255.66242787056,120711.39135725544,55284.3805052991,105243.17002687689,86786.87030567869,73316.12391851236
Thread std 12 ,126255.66242787056,120711.39135725544,55284.3805052991,105243.17002687689,76935.37334556867,66921.91831020394
Thread std 12 ,126255.66242787056,120711.39135725544,55284.3805052991,105243.17002687689,76935.37334556867,73316.12391851236
Thread std 12 ,126255.66242787056,120711.39135725544,55284.3805052991,114837.81804433446,86786.87030567869,66921.91831020394
Thread std 12 ,126255.66242787056,120711.39135725544,55284.3805052991,114837.81804433446,86786.87030567869,73316.12391851236
Thread std 12 ,126255.66242787056,120711.39135725544,55284.3805052991,114837.81804433446,76935.37334556867,66921.91831020394
Thread std 12 ,126255.66242787056,120711.39135725544,55284.3805052991,114837.81804433446,76935.37334556867,73316.12391851236
Thread std 12 ,126255.66242787056,120711.39135725544,48549.69442090091,105243.17002687689,86786.87030567869,66921.91831020394
Thread std 12 ,126255.66242787056,120711.39135725544,48549.69442090091,105243.17002687689,86786.87030567869,73316.12391851236
Thread std 12 ,126255.66242787056,120711.39135725544,48549.69442090091,105243.17002687689,76935.37334556867,66921.91831020394
Thread std 12 ,126255.66242787056,120711.39135725544,48549.69442090091,105243.17002687689,76935.37334556867,73316.12391851236
Thread std 12 ,126255.66242787056,120711.39135725544,48549.69442090091,114837.81804433446,86786.87030567869,66921.91831020394
Thread std 12 ,126255.66242787056,120711.39135725544,48549.69442090091,114837.81804433446,86786.87030567869,73316.12391851236
Thread std 12 ,126255.66242787056,120711.39135725544,48549.69442090091,114837.81804433446,76935.37334556867,66921.91831020394
Thread std 12 ,126255.66242787056,120711.39135725544,48549.69442090091,114837.81804433446,76935.37334556867,73316.12391851236
Thread std 12 ,126255.66242787056,98969.18844342104,55284.3805052991,105243.17002687689,86786.87030567869,66921.91831020394
Thread std 12 ,126255.66242787056,98969.18844342104,55284.3805052991,105243.17002687689,86786.87030567869,73316.12391851236
Thread std 12 ,126255.66242787056,98969.18844342104,55284.3805052991,105243.17002687689,76935.37334556867,66921.91831020394
Thread std 12 ,126255.66242787056,98969.18844342104,55284.3805052991,105243.17002687689,76935.37334556867,73316.12391851236
Thread std 12 ,126255.66242787056,98969.18844342104,55284.3805052991,114837.81804433446,86786.87030567869,66921.91831020394
Thread std 12 ,126255.66242787056,98969.18844342104,55284.3805052991,114837.81804433446,86786.87030567869,73316.12391851236
Thread std 12 ,126255.66242787056,98969.18844342104,55284.3805052991,114837.81804433446,76935.37334556867,66921.91831020394
Thread std 12 ,126255.66242787056,98969.18844342104,55284.3805052991,114837.81804433446,76935.37334556867,73316.12391851236
Thread std 12 ,126255.66242787056,98969.18844342104,48549.69442090091,105243.17002687689,86786.87030567869,66921.91831020394
Thread std 12 ,126255.66242787056,98969.18844342104,48549.69442090091,105243.17002687689,86786.87030567869,73316.12391851236
Thread std 12 ,126255.66242787056,98969.18844342104,48549.69442090091,105243.17002687689,76935.37334556867,66921.91831020394
Thread std 12 ,126255.66242787056,98969.18844342104,48549.69442090091,105243.17002687689,76935.37334556867,73316.12391851236
Thread std 12 ,126255.66242787056,98969.18844342104,48549.69442090091,114837.81804433446,86786.87030567869,66921.91831020394
Thread std 12 ,126255.66242787056,98969.18844342104,48549.69442090091,114837.81804433446,86786.87030567869,73316.12391851236
Thread std 12 ,126255.66242787056,98969.18844342104,48549.69442090091,114837.81804433446,76935.37334556867,66921.91831020394
Thread std 12 ,126255.66242787056,98969.18844342104,48549.69442090091,114837.81804433446,76935.37334556867,73316.12391851236
Thread 13 ,2304795.16,2289826.06,2165804.68,2327700.4,2451516.88,2374611.611111111
Thread 13 ,2304795.16,2289826.06,2165804.68,2327700.4,2451516.88,2376744.074074074
Thread 13 ,2304795.16,2289826.06,2165804.68,2327700.4,2454565.08,2374611.611111111
Thread 13 ,2304795.16,2289826.06,2165804.68,2327700.4,2454565.08,2376744.074074074
Thread 13 ,2304795.16,2289826.06,2165804.68,2320592.84,2451516.88,2374611.611111111
Thread 13 ,2304795.16,2289826.06,2165804.68,2320592.84,2451516.88,2376744.074074074
Thread 13 ,2304795.16,2289826.06,2165804.68,2320592.84,2454565.08,2374611.611111111
Thread 13 ,2304795.16,2289826.06,2165804.68,2320592.84,2454565.08,2376744.074074074
Thread 13 ,2304795.16,2289826.06,2128591.8,2327700.4,2451516.88,2374611.611111111
Thread 13 ,2304795.16,2289826.06,2128591.8,2327700.4,2451516.88,2376744.074074074
Thread 13 ,2304795.16,2289826.06,2128591.8,2327700.4,2454565.08,2374611.611111111
Thread 13 ,2304795.16,2289826.06,2128591.8,2327700.4,2454565.08,2376744.074074074
Thread 13 ,2304795.16,2289826.06,2128591.8,2320592.84,2451516.88,2374611.611111111
Thread 13 ,2304795.16,2289826.06,2128591.8,2320592.84,2451516.88,2376744.074074074
Thread 13 ,2304795.16,2289826.06,2128591.8,2320592.84,2454565.08,2374611.611111111
Thread 13 ,2304795.16,2289826.06,2128591.8,2320592.84,2454565.08,2376744.074074074
Thread 13 ,2304795.16,2280326.6,2165804.68,2327700.4,2451516.88,2374611.611111111
Thread 13 ,2304795.16,2280326.6,2165804.68,2327700.4,2451516.88,2376744.074074074
Thread 13 ,2304795.16,2280326.6,2165804.68,2327700.4,2454565.08,2374611.611111111
Thread 13 ,2304795.16,2280326.6,2165804.68,2327700.4,2454565.08,2376744.074074074
Thread 13 ,2304795.16,2280326.6,2165804.68,2320592.84,2451516.88,2374611.611111111
Thread 13 ,2304795.16,2280326.6,2165804.68,2320592.84,2451516.88,2376744.074074074
Thread 13 ,2304795.16,2280326.6,2165804.68,2320592.84,2454565.08,2374611.611111111
Thread 13 ,2304795.16,2280326.6,2165804.68,2320592.84,2454565.08,2376744.074074074
Thread 13 ,2304795.16,2280326.6,2128591.8,2327700.4,2451516.88,2374611.611111111
Thread 13 ,2304795.16,2280326.6,2128591.8,2327700.4,2451516.88,2376744.074074074
Thread 13 ,2304795.16,2280326.6,2128591.8,2327700.4,2454565.08,2374611.611111111
Thread 13 ,2304795.16,2280326.6,2128591.8,2327700.4,2454565.08,2376744.074074074
Thread 13 ,2304795.16,2280326.6,2128591.8,2320592.84,2451516.88,2374611.611111111
Thread 13 ,2304795.16,2280326.6,2128591.8,2320592.84,2451516.88,2376744.074074074
Thread 13 ,2304795.16,2280326.6,2128591.8,2320592.84,2454565.08,2374611.611111111
Thread 13 ,2304795.16,2280326.6,2128591.8,2320592.84,2454565.08,2376744.074074074
Thread std 13 ,115505.79261971486,120711.39135725544,55284.3805052991,105243.17002687689,86786.87030567869,66921.91831020394
Thread std 13 ,115505.79261971486,120711.39135725544,55284.3805052991,105243.17002687689,86786.87030567869,67381.74487955382
Thread std 13 ,115505.79261971486,120711.39135725544,55284.3805052991,105243.17002687689,84644.63774301672,66921.91831020394
Thread std 13 ,115505.79261971486,120711.39135725544,55284.3805052991,105243.17002687689,84644.63774301672,67381.74487955382
Thread std 13 ,115505.79261971486,120711.39135725544,55284.3805052991,110418.27772488112,86786.87030567869,66921.91831020394
Thread std 13 ,115505.79261971486,120711.39135725544,55284.3805052991,110418.27772488112,86786.87030567869,67381.74487955382
Thread std 13 ,115505.79261971486,120711.39135725544,55284.3805052991,110418.27772488112,84644.63774301672,66921.91831020394
Thread std 13 ,115505.79261971486,120711.39135725544,55284.3805052991,110418.27772488112,84644.63774301672,67381.74487955382
Thread std 13 ,115505.79261971486,120711.39135725544,45798.25335944058,105243.17002687689,86786.87030567869,66921.91831020394
Thread std 13 ,115505.79261971486,120711.39135725544,45798.25335944058,105243.17002687689,86786.87030567869,67381.74487955382
Thread std 13 ,115505.79261971486,120711.39135725544,45798.25335944058,105243.17002687689,84644.63774301672,66921.91831020394
Thread std 13 ,115505.79261971486,120711.39135725544,45798.25335944058,105243.17002687689,84644.63774301672,67381.74487955382
Thread std 13 ,115505.79261971486,120711.39135725544,45798.25335944058,110418.27772488112,86786.87030567869,66921.91831020394
Thread std 13 ,115505.79261971486,120711.39135725544,45798.25335944058,110418.27772488112,86786.87030567869,67381.74487955382
Thread std 13 ,115505.79261971486,120711.39135725544,45798.25335944058,110418.27772488112,84644.63774301672,66921.91831020394
Thread std 13 ,115505.79261971486,120711.39135725544,45798.25335944058,110418.27772488112,84644.63774301672,67381.74487955382
Thread std 13 ,115505.79261971486,94807.78792668365,55284.3805052991,105243.17002687689,86786.87030567869,66921.91831020394
Thread std 13 ,115505.79261971486,94807.78792668365,55284.3805052991,105243.17002687689,86786.87030567869,67381.74487955382
Thread std 13 ,115505.79261971486,94807.78792668365,55284.3805052991,105243.17002687689,84644.63774301672,66921.91831020394
Thread std 13 ,115505.79261971486,94807.78792668365,55284.3805052991,105243.17002687689,84644.63774301672,67381.74487955382
Thread std 13 ,115505.79261971486,94807.78792668365,55284.3805052991,110418.27772488112,86786.87030567869,66921.91831020394
Thread std 13 ,115505.79261971486,94807.78792668365,55284.3805052991,110418.27772488112,86786.87030567869,67381.74487955382
Thread std 13 ,115505.79261971486,94807.78792668365,55284.3805052991,110418.27772488112,84644.63774301672,66921.91831020394
Thread std 13 ,115505.79261971486,94807.78792668365,55284.3805052991,110418.27772488112,84644.63774301672,67381.74487955382
Thread std 13 ,115505.79261971486,94807.78792668365,45798.25335944058,105243.17002687689,86786.87030567869,66921.91831020394
Thread std 13 ,115505.79261971486,94807.78792668365,45798.25335944058,105243.17002687689,86786.87030567869,67381.74487955382
Thread std 13 ,115505.79261971486,94807.78792668365,45798.25335944058,105243.17002687689,84644.63774301672,66921.91831020394
Thread std 13 ,115505.79261971486,94807.78792668365,45798.25335944058,105243.17002687689,84644.63774301672,67381.74487955382
Thread std 13 ,115505.79261971486,94807.78792668365,45798.25335944058,110418.27772488112,86786.87030567869,66921.91831020394
Thread std 13 ,115505.79261971486,94807.78792668365,45798.25335944058,110418.27772488112,86786.87030567869,67381.74487955382
Thread std 13 ,115505.79261971486,94807.78792668365,45798.25335944058,110418.27772488112,84644.63774301672,66921.91831020394
Thread std 13 ,115505.79261971486,94807.78792668365,45798.25335944058,110418.27772488112,84644.63774301672,67381.74487955382
Thread 14 ,2292065.74,2289826.06,2165804.68,2327700.4,2451516.88,2374611.611111111
Thread 14 ,2292065.74,2289826.06,2165804.68,2327700.4,2451516.88,2375438.0555555555
Thread 14 ,2292065.74,2289826.06,2165804.68,2327700.4,2444906.98,2374611.611111111
Thread 14 ,2292065.74,2289826.06,2165804.68,2327700.4,2444906.98,2375438.0555555555
Thread 14 ,2292065.74,2289826.06,2165804.68,2329326.62,2451516.88,2374611.611111111
Thread 14 ,2292065.74,2289826.06,2165804.68,2329326.62,2451516.88,2375438.0555555555
Thread 14 ,2292065.74,2289826.06,2165804.68,2329326.62,2444906.98,2374611.611111111
Thread 14 ,2292065.74,2289826.06,2165804.68,2329326.62,2444906.98,2375438.0555555555
Thread 14 ,2292065.74,2289826.06,2154428.58,2327700.4,2451516.88,2374611.611111111
Thread 14 ,2292065.74,2289826.06,2154428.58,2327700.4,2451516.88,2375438.0555555555
Thread 14 ,2292065.74,2289826.06,2154428.58,2327700.4,2444906.98,2374611.611111111
Thread 14 ,2292065.74,2289826.06,2154428.58,2327700.4,2444906.98,2375438.0555555555
Thread 14 ,2292065.74,2289826.06,2154428.58,2329326.62,2451516.88,2374611.611111111
Thread 14 ,2292065.74,2289826.06,2154428.58,2329326.62,2451516.88,2375438.0555555555
Thread 14 ,2292065.74,2289826.06,2154428.58,2329326.62,2444906.98,2374611.611111111
Thread 14 ,2292065.74,2289826.06,2154428.58,2329326.62,2444906.98,2375438.0555555555
Thread 14 ,2292065.74,2286724.14,2165804.68,2327700.4,2451516.88,2374611.611111111
Thread 14 ,2292065.74,2286724.14,2165804.68,2327700.4,2451516.88,2375438.0555555555
Thread 14 ,2292065.74,2286724.14,2165804.68,2327700.4,2444906.98,2374611.611111111
Thread 14 ,2292065.74,2286724.14,2165804.68,2327700.4,2444906.98,2375438.0555555555
Thread 14 ,2292065.74,2286724.14,2165804.68,2329326.62,2451516.88,2374611.611111111
Thread 14 ,2292065.74,2286724.14,2165804.68,2329326.62,2451516.88,2375438.0555555555
Thread 14 ,2292065.74,2286724.14,2165804.68,2329326.62,2444906.98,2374611.611111111
Thread 14 ,2292065.74,2286724.14,2165804.68,2329326.62,2444906.98,2375438.0555555555
Thread 14 ,2292065.74,2286724.14,2154428.58,2327700.4,2451516.88,2374611.611111111
Thread 14 ,2292065.74,2286724.14,2154428.58,2327700.4,2451516.88,2375438.0555555555
Thread 14 ,2292065.74,2286724.14,2154428.58,2327700.4,2444906.98,2374611.611111111
Thread 14 ,2292065.74,2286724.14,2154428.58,2327700.4,2444906.98,2375438.0555555555
Thread 14 ,2292065.74,2286724.14,2154428.58,2329326.62,2451516.88,2374611.611111111
Thread 14 ,2292065.74,2286724.14,2154428.58,2329326.62,2451516.88,2375438.0555555555
Thread 14 ,2292065.74,2286724.14,2154428.58,2329326.62,2444906.98,2374611.611111111
Thread 14 ,2292065.74,2286724.14,2154428.58,2329326.62,2444906.98,2375438.0555555555
Thread std 14 ,93885.55819911596,120711.39135725544,55284.3805052991,105243.17002687689,86786.87030567869,66921.91831020394
Thread std 14 ,93885.55819911596,120711.39135725544,55284.3805052991,105243.17002687689,86786.87030567869,67446.73481401695
Thread std 14 ,93885.55819911596,120711.39135725544,55284.3805052991,105243.17002687689,77421.13304847584,66921.91831020394
Thread std 14 ,93885.55819911596,120711.39135725544,55284.3805052991,105243.17002687689,77421.13304847584,67446.73481401695
Thread std 14 ,93885.55819911596,120711.39135725544,55284.3805052991,116113.31651027765,86786.87030567869,66921.91831020394
Thread std 14 ,93885.55819911596,120711.39135725544,55284.3805052991,116113.31651027765,86786.87030567869,67446.73481401695
Thread std 14 ,93885.55819911596,120711.39135725544,55284.3805052991,116113.31651027765,77421.13304847584,66921.91831020394
Thread std 14 ,93885.55819911596,120711.39135725544,55284.3805052991,116113.31651027765,77421.13304847584,67446.73481401695
Thread std 14 ,93885.55819911596,120711.39135725544,47821.91547051394,105243.17002687689,86786.87030567869,66921.91831020394
Thread std 14 ,93885.55819911596,120711.39135725544,47821.91547051394,105243.17002687689,86786.87030567869,67446.73481401695
Thread std 14 ,93885.55819911596,120711.39135725544,47821.91547051394,105243.17002687689,77421.13304847584,66921.91831020394
Thread std 14 ,93885.55819911596,120711.39135725544,47821.91547051394,105243.17002687689,77421.13304847584,67446.73481401695
Thread std 14 ,93885.55819911596,120711.39135725544,47821.91547051394,116113.31651027765,86786.87030567869,66921.91831020394
Thread std 14 ,93885.55819911596,120711.39135725544,47821.91547051394,116113.31651027765,86786.87030567869,67446.73481401695
Thread std 14 ,93885.55819911596,120711.39135725544,47821.91547051394,116113.31651027765,77421.13304847584,66921.91831020394
Thread std 14 ,93885.55819911596,120711.39135725544,47821.91547051394,116113.31651027765,77421.13304847584,67446.73481401695
Thread std 14 ,93885.55819911596,114338.13687729846,55284.3805052991,105243.17002687689,86786.87030567869,66921.91831020394
Thread std 14 ,93885.55819911596,114338.13687729846,55284.3805052991,105243.17002687689,86786.87030567869,67446.73481401695
Thread std 14 ,93885.55819911596,114338.13687729846,55284.3805052991,105243.17002687689,77421.13304847584,66921.91831020394
Thread std 14 ,93885.55819911596,114338.13687729846,55284.3805052991,105243.17002687689,77421.13304847584,67446.73481401695
Thread std 14 ,93885.55819911596,114338.13687729846,55284.3805052991,116113.31651027765,86786.87030567869,66921.91831020394
Thread std 14 ,93885.55819911596,114338.13687729846,55284.3805052991,116113.31651027765,86786.87030567869,67446.73481401695
Thread std 14 ,93885.55819911596,114338.13687729846,55284.3805052991,116113.31651027765,77421.13304847584,66921.91831020394
Thread std 14 ,93885.55819911596,114338.13687729846,55284.3805052991,116113.31651027765,77421.13304847584,67446.73481401695
Thread std 14 ,93885.55819911596,114338.13687729846,47821.91547051394,105243.17002687689,86786.87030567869,66921.91831020394
Thread std 14 ,93885.55819911596,114338.13687729846,47821.91547051394,105243.17002687689,86786.87030567869,67446.73481401695
Thread std 14 ,93885.55819911596,114338.13687729846,47821.91547051394,105243.17002687689,77421.13304847584,66921.91831020394
Thread std 14 ,93885.55819911596,114338.13687729846,47821.91547051394,105243.17002687689,77421.13304847584,67446.73481401695
Thread std 14 ,93885.55819911596,114338.13687729846,47821.91547051394,116113.31651027765,86786.87030567869,66921.91831020394
Thread std 14 ,93885.55819911596,114338.13687729846,47821.91547051394,116113.31651027765,86786.87030567869,67446.73481401695
Thread std 14 ,93885.55819911596,114338.13687729846,47821.91547051394,116113.31651027765,77421.13304847584,66921.91831020394
Thread std 14 ,93885.55819911596,114338.13687729846,47821.91547051394,116113.31651027765,77421.13304847584,67446.73481401695
Thread 15 ,2315489.8,2289826.06,2165804.68,2327700.4,2451516.88,2374611.611111111
Thread 15 ,2315489.8,2289826.06,2165804.68,2327700.4,2451516.88,2373712.1666666665
Thread 15 ,2315489.8,2289826.06,2165804.68,2327700.4,2442492.62,2374611.611111111
Thread 15 ,2315489.8,2289826.06,2165804.68,2327700.4,2442492.62,2373712.1666666665
Thread 15 ,2315489.8,2289826.06,2165804.68,2324051.74,2451516.88,2374611.611111111
Thread 15 ,2315489.8,2289826.06,2165804.68,2324051.74,2451516.88,2373712.1666666665
Thread 15 ,2315489.8,2289826.06,2165804.68,2324051.74,2442492.62,2374611.611111111
Thread 15 ,2315489.8,2289826.06,2165804.68,2324051.74,2442492.62,2373712.1666666665
Thread 15 ,2315489.8,2289826.06,2145126.46,2327700.4,2451516.88,2374611.611111111
Thread 15 ,2315489.8,2289826.06,2145126.46,2327700.4,2451516.88,2373712.1666666665
Thread 15 ,2315489.8,2289826.06,2145126.46,2327700.4,2442492.62,2374611.611111111
Thread 15 ,2315489.8,2289826.06,2145126.46,2327700.4,2442492.62,2373712.1666666665
Thread 15 ,2315489.8,2289826.06,2145126.46,2324051.74,2451516.88,2374611.611111111
Thread 15 ,2315489.8,2289826.06,2145126.46,2324051.74,2451516.88,2373712.1666666665
Thread 15 ,2315489.8,2289826.06,2145126.46,2324051.74,2442492.62,2374611.611111111
Thread 15 ,2315489.8,2289826.06,2145126.46,2324051.74,2442492.62,2373712.1666666665
Thread 15 ,2315489.8,2288249.12,2165804.68,2327700.4,2451516.88,2374611.611111111
Thread 15 ,2315489.8,2288249.12,2165804.68,2327700.4,2451516.88,2373712.1666666665
Thread 15 ,2315489.8,2288249.12,2165804.68,2327700.4,2442492.62,2374611.611111111
Thread 15 ,2315489.8,2288249.12,2165804.68,2327700.4,2442492.62,2373712.1666666665
Thread 15 ,2315489.8,2288249.12,2165804.68,2324051.74,2451516.88,2374611.611111111
Thread 15 ,2315489.8,2288249.12,2165804.68,2324051.74,2451516.88,2373712.1666666665
Thread 15 ,2315489.8,2288249.12,2165804.68,2324051.74,2442492.62,2374611.611111111
Thread 15 ,2315489.8,2288249.12,2165804.68,2324051.74,2442492.62,2373712.1666666665
Thread 15 ,2315489.8,2288249.12,2145126.46,2327700.4,2451516.88,2374611.611111111
Thread 15 ,2315489.8,2288249.12,2145126.46,2327700.4,2451516.88,2373712.1666666665
Thread 15 ,2315489.8,2288249.12,2145126.46,2327700.4,2442492.62,2374611.611111111
Thread 15 ,2315489.8,2288249.12,2145126.46,2327700.4,2442492.62,2373712.1666666665
Thread 15 ,2315489.8,2288249.12,2145126.46,2324051.74,2451516.88,2374611.611111111
Thread 15 ,2315489.8,2288249.12,2145126.46,2324051.74,2451516.88,2373712.1666666665
Thread 15 ,2315489.8,2288249.12,2145126.46,2324051.74,2442492.62,2374611.611111111
Thread 15 ,2315489.8,2288249.12,2145126.46,2324051.74,2442492.62,2373712.1666666665
Thread std 15 ,131267.11749710966,120711.39135725544,55284.3805052991,105243.17002687689,86786.87030567869,66921.91831020394
Thread std 15 ,131267.11749710966,120711.39135725544,55284.3805052991,105243.17002687689,86786.87030567869,59956.37484690865
Thread std 15 ,131267.11749710966,120711.39135725544,55284.3805052991,105243.17002687689,76143.04721200882,66921.91831020394
Thread std 15 ,131267.11749710966,120711.39135725544,55284.3805052991,105243.17002687689,76143.04721200882,59956.37484690865
Thread std 15 ,131267.11749710966,120711.39135725544,55284.3805052991,119206.52712848011,86786.87030567869,66921.91831020394
Thread std 15 ,131267.11749710966,120711.39135725544,55284.3805052991,119206.52712848011,86786.87030567869,59956.37484690865
Thread std 15 ,131267.11749710966,120711.39135725544,55284.3805052991,119206.52712848011,76143.04721200882,66921.91831020394
Thread std 15 ,131267.11749710966,120711.39135725544,55284.3805052991,119206.52712848011,76143.04721200882,59956.37484690865
Thread std 15 ,131267.11749710966,120711.39135725544,58502.73793321163,105243.17002687689,86786.87030567869,66921.91831020394
Thread std 15 ,131267.11749710966,120711.39135725544,58502.73793321163,105243.17002687689,86786.87030567869,59956.37484690865
Thread std 15 ,131267.11749710966,120711.39135725544,58502.73793321163,105243.17002687689,76143.04721200882,66921.91831020394
Thread std 15 ,131267.11749710966,120711.39135725544,58502.73793321163,105243.17002687689,76143.04721200882,59956.37484690865
Thread std 15 ,131267.11749710966,120711.39135725544,58502.73793321163,119206.52712848011,86786.87030567869,66921.91831020394
Thread std 15 ,131267.11749710966,120711.39135725544,58502.73793321163,119206.52712848011,86786.87030567869,59956.37484690865
Thread std 15 ,131267.11749710966,120711.39135725544,58502.73793321163,119206.52712848011,76143.04721200882,66921.91831020394
Thread std 15 ,131267.11749710966,120711.39135725544,58502.73793321163,119206.52712848011,76143.04721200882,59956.37484690865
Thread std 15 ,131267.11749710966,113257.60619078501,55284.3805052991,105243.17002687689,86786.87030567869,66921.91831020394
Thread std 15 ,131267.11749710966,113257.60619078501,55284.3805052991,105243.17002687689,86786.87030567869,59956.37484690865
Thread std 15 ,131267.11749710966,113257.60619078501,55284.3805052991,105243.17002687689,76143.04721200882,66921.91831020394
Thread std 15 ,131267.11749710966,113257.60619078501,55284.3805052991,105243.17002687689,76143.04721200882,59956.37484690865
Thread std 15 ,131267.11749710966,113257.60619078501,55284.3805052991,119206.52712848011,86786.87030567869,66921.91831020394
Thread std 15 ,131267.11749710966,113257.60619078501,55284.3805052991,119206.52712848011,86786.87030567869,59956.37484690865
Thread std 15 ,131267.11749710966,113257.60619078501,55284.3805052991,119206.52712848011,76143.04721200882,66921.91831020394
Thread std 15 ,131267.11749710966,113257.60619078501,55284.3805052991,119206.52712848011,76143.04721200882,59956.37484690865
Thread std 15 ,131267.11749710966,113257.60619078501,58502.73793321163,105243.17002687689,86786.87030567869,66921.91831020394
Thread std 15 ,131267.11749710966,113257.60619078501,58502.73793321163,105243.17002687689,86786.87030567869,59956.37484690865
Thread std 15 ,131267.11749710966,113257.60619078501,58502.73793321163,105243.17002687689,76143.04721200882,66921.91831020394
Thread std 15 ,131267.11749710966,113257.60619078501,58502.73793321163,105243.17002687689,76143.04721200882,59956.37484690865
Thread std 15 ,131267.11749710966,113257.60619078501,58502.73793321163,119206.52712848011,86786.87030567869,66921.91831020394
Thread std 15 ,131267.11749710966,113257.60619078501,58502.73793321163,119206.52712848011,86786.87030567869,59956.37484690865
Thread std 15 ,131267.11749710966,113257.60619078501,58502.73793321163,119206.52712848011,76143.04721200882,66921.91831020394
Thread std 15 ,131267.11749710966,113257.60619078501,58502.73793321163,119206.52712848011,76143.04721200882,59956.37484690865
