Configuration : nrThreads: 64 ,nrServers: 1 ,read sharded: true
Times in queue ,119341.42,158272.14,214059.2,271038.43137254904,401429.84,922042.08
Parsing times ,9501.6,9960.68,9013.4,7887.0,8130.0,8608.64
Service times ,2443890.3,2382564.58,2393244.34,2377358.0588235296,2586157.58,3410772.28
Throughput ,411.88,814.02,1610.0,3163.4901960784314,5789.74,8061.62
Times in get ,2432387.3,2370288.86,2381797.86,2366788.3921568627,2575050.08,3398534.54
Times in set ,0.0,0.0,0.0,0.0,0.0,0.0
Times in mget ,0.0,0.0,0.0,0.0,0.0,0.0
Times in mget only memcached part ,0.0,0.0,0.0,0.0,0.0,0.0
Queue lengths ,1.0,1.08,1.98,2.156862745098039,4.06,10.98
Number of gets ,411.88,814.02,1610.0,3163.4901960784314,5789.74,8061.62
Number of sets ,0.0,0.0,0.0,0.0,0.0,0.0
Number of mgets ,0.0,0.0,0.0,0.0,0.0,0.0
Number of misses get ,56.28,111.22,219.42,430.5686274509804,790.7,1099.2
Arrival rate ,411.88,814.02,1610.16,3163.274509803922,5789.48,8061.94
std Times in queue ,28611.503312471927,18183.022079940172,31709.305406895233,42870.51969465959,76832.84004832989,105672.33444074534
std Parsing times ,5625.5613633717685,4076.3024834188313,1878.8302917789363,1070.5530720146478,970.6243730039895,1274.1666786170322
std Service times ,157861.01465623465,76491.56419437134,89486.50502880196,72056.78201430084,164156.62879764484,152713.5307318021
std Throughput ,20.90175268502913,22.129940933366406,58.3665405966851,361.2436503275328,344.40020680739957,272.90522313859543
std Times in get ,157623.8175001364,76102.84455141435,89591.73455954608,72279.77895873185,163873.6171518846,152404.7206042436
std Times in set ,0.0,0.0,0.0,0.0,0.0,0.0
std Times in mget ,0.0,0.0,0.0,0.0,0.0,0.0
std Times in mget only memcached part ,0.0,0.0,0.0,0.0,0.0,0.0
std Queue lengths ,0.0,0.2740475156178697,0.14142135623730948,0.36729002271272476,0.4242640687119285,0.654341856605645
std Number of gets ,20.90175268502913,22.129940933366406,58.3665405966851,361.2436503275328,344.40020680739957,272.90522313859543
std Number of sets ,0.0,0.0,0.0,0.0,0.0,0.0
std Number of mgets ,0.0,0.0,0.0,0.0,0.0,0.0
std Number of misses get ,9.514843398498959,17.992390681868255,26.26636710350951,65.46151690939061,96.4124325118765,116.78831364516583
std Arrival rate ,21.00888053239605,21.797294346233134,58.08732342652003,361.28897455811585,344.91467386137396,271.8335632743848
Thread 0 ,2503402.36,2392472.54,2356102.0,2351882.3725490198,2588576.34,3416611.8
Thread std 0 ,787375.0396656218,254294.38297007472,149980.99992237112,125434.83404508668,184733.17740698898,181965.26151203382
Thread 1 ,2486869.06,2359985.86,2377503.1,2393046.254901961,2559583.58,3399887.06
Thread std 1 ,682977.3544283707,167993.20782747047,119267.49920212368,161748.87725543484,181009.43418959223,213900.8488807239
Thread 2 ,2541398.2,2388154.94,2376395.14,2364787.0784313725,2647184.48,3385331.34
Thread std 2 ,462683.1590271543,166449.59391413367,124167.58709543505,125292.98269365977,508322.93853055296,193777.35030031932
Thread 3 ,2498417.16,2406345.78,2380824.38,2359148.5098039214,2556590.7,3376084.44
Thread std 3 ,699916.942352604,218085.3839093051,141065.1871777928,106181.88829708623,169047.57250407475,204052.07422387978
Thread 4 ,2528638.96,2424049.82,2390452.7,2399911.52,2552532.5,3412967.98
Thread std 4 ,641926.9745865772,263095.71675518795,147691.27032611246,131244.01576736555,186781.55522736462,223935.50312474856
Thread 5 ,2393653.24,2421579.44,2400519.48,2414066.36,2549327.06,3407404.5
Thread std 5 ,251989.22797940302,262802.0600776709,191230.70876281394,145223.45224146472,165973.522140647,199414.3873910326
Thread 6 ,2467254.1,2432809.3,2388932.1,2348666.34,2617153.98,3403769.38
Thread std 6 ,382706.2167860136,329754.1466358858,128396.04435753956,105512.22127097458,442294.17418724747,225950.70074053406
Thread 7 ,2429405.34,2381608.84,2375926.5,2359709.901960784,2553163.76,3412752.82
Thread std 7 ,208972.10252768485,326536.7096680418,126806.86378420418,123835.05807407768,210053.54018610762,197131.47046408974
Thread 8 ,2468328.32,2309956.1,2410648.04,2379772.4509803923,2539822.74,3416560.54
Thread std 8 ,362091.71146663144,109617.9814659222,167282.29567398204,122351.6098318798,240774.55259732335,218714.78713651677
Thread 9 ,2472847.9,2376431.9,2391952.34,2393891.0392156863,2568321.4,3437187.5
Thread std 9 ,470286.4208189993,215929.39575555045,133218.08222466172,138948.98045296493,226137.4282407646,222258.654539168
Thread 10 ,2373386.78,2357651.34,2400636.18,2357990.28,2578689.08,3449918.16
Thread std 10 ,170192.10315744588,210512.31528477263,168463.78549484356,114013.99536398491,194513.98182690298,249428.97700477258
Thread 11 ,2537098.98,2426716.96,2443725.68,2384050.0,2622275.92,3402430.46
Thread std 11 ,456720.82879581745,216640.73646213333,193772.14082350454,122281.45756893673,279709.83256675856,152537.34820895773
Thread 12 ,2421291.34,2383465.48,2393113.86,2394577.18,2598523.14,3408871.9
Thread std 12 ,284784.9470239842,236676.44473486647,169021.22277418902,159934.9803074566,397390.1383628451,234562.06795611038
Thread 13 ,2419089.86,2375542.16,2393731.96,2400510.16,2595237.66,3434011.08
Thread std 13 ,299870.1925112517,245948.74555736038,169487.11638134526,114652.34027113159,203187.0975633763,239267.01956420223
Thread 14 ,2463852.46,2399894.68,2409425.54,2374657.24,2617787.82,3382528.86
Thread std 14 ,340384.7598200655,206238.44155421617,191400.51143462793,138153.01142286594,486427.03752943344,180613.89596166014
Thread 15 ,2423230.1,2437618.92,2411825.72,2365300.68627451,2574556.7,3437853.1
Thread std 15 ,260416.48195121402,316972.79326947714,169839.85700894226,108619.40961899768,265634.46559574443,227842.34659825196
Thread 16 ,2463410.9,2360501.38,2358452.58,2398039.22,2560301.26,3397080.94
Thread std 16 ,339770.01573346695,160050.5549421858,165606.70070455657,138781.4512571195,201424.1538437377,258672.43864988393
Thread 17 ,2414807.46,2384728.02,2401669.38,2371707.98,2595210.26,3444467.16
Thread std 17 ,259461.43819695635,206182.3187723587,146017.49764604185,121340.7955856848,281289.74314613163,260935.2467757721
Thread 18 ,2521310.24,2349162.58,2421677.42,2348997.28,2564446.94,3415371.9
Thread std 18 ,470101.3568531426,164961.88277928118,186688.7691089966,101548.4118438178,201061.66119919534,213440.90364421523
Thread 19 ,2400762.88,2411486.14,2393704.12,2378407.78,2593566.48,3382660.66
Thread std 19 ,256407.6525255414,236739.3538450673,189174.36132068041,116731.2796312041,230420.74862890207,201976.40933258037
Thread 20 ,2417082.26,2377328.76,2388518.8,2386770.84,2585200.44,3456751.74
Thread std 20 ,272641.60215376486,159773.38845831438,146246.23131401037,127451.7176528734,296674.9540527657,217473.87430657184
Thread 21 ,2407678.52,2382072.34,2413320.06,2384664.843137255,2595564.38,3437458.14
Thread std 21 ,182867.66462197603,153986.64239427276,164742.1644605885,120646.47487637134,427567.24822866434,222125.93414703803
Thread 22 ,2404886.38,2339197.18,2382108.6,2372141.2352941176,2556949.24,3444835.28
Thread std 22 ,257771.93525672166,134449.4027168813,164454.0935574299,160501.09561066408,147970.22234558698,222922.3344674324
Thread 23 ,2491117.68,2350506.32,2384583.6,2377540.137254902,2544466.24,3391123.44
Thread std 23 ,303679.79218628246,196491.49245055503,137921.6350832632,121379.16372854439,144604.6017285898,215920.15476429035
Thread 24 ,2458154.34,2349183.74,2406272.82,2366611.82,2648615.6,3381280.88
Thread std 24 ,391002.37780129904,140773.08597502232,163840.0853512525,108340.44412824657,302270.2251672385,231224.54439677356
Thread 25 ,2457933.96,2379983.98,2382524.9,2367134.04,2602128.5,3410351.54
Thread std 25 ,348021.06426262215,226869.58794214888,134386.45031025185,106930.98300266737,420142.0960217641,215045.6270688552
Thread 26 ,2482799.0,2364109.5,2403840.0,2375134.882352941,2580715.6,3413442.34
Thread std 26 ,402763.46957934485,192804.69330262791,169427.2182986198,112406.55759103151,396124.9719612563,214997.07343320097
Thread 27 ,2464412.24,2354812.28,2412709.1,2394859.1764705884,2570488.02,3419123.26
Thread std 27 ,381549.8790117753,148557.8233958888,149961.4113811909,110239.97677842752,283620.4544305064,244551.62755472664
Thread 28 ,2379176.66,2347559.64,2372272.32,2384780.66,2602027.24,3461647.22
Thread std 28 ,275276.8577706934,172610.8775061977,149202.61183034815,123984.47913868171,253049.11210023385,247784.67620235457
Thread 29 ,2449928.96,2393248.56,2372909.38,2375583.94,2559748.1,3397493.78
Thread std 29 ,210288.21510711708,249439.05946761454,117142.83623935177,122473.1404396882,182850.0782781805,214379.86276379618
Thread 30 ,2475311.62,2443236.62,2386445.96,2379348.862745098,2549496.68,3400163.8
Thread std 30 ,332682.5665091238,357414.90315991564,161809.36185359533,103806.19049190075,135011.85401372,204878.80018863516
Thread 31 ,2434147.8,2368107.96,2382306.98,2369249.529411765,2590312.04,3398869.06
Thread std 31 ,240295.40710465494,157435.16495914327,139046.26607033223,122185.49019181497,258325.24095505683,209957.41715185478
Thread 32 ,2449220.2,2365986.24,2369151.16,2393765.411764706,2561353.5,3427267.56
Thread std 32 ,344649.6414192955,156610.0707172552,161293.8685827271,140487.73660418572,271543.1296726514,215601.30868352205
Thread 33 ,2474909.28,2366637.56,2395827.5,2387418.14,2568365.34,3431667.78
Thread std 33 ,272470.25515997224,143344.9372257403,141106.66863184585,157048.19764307767,166369.88846059926,210756.7948773928
Thread 34 ,2393360.5,2348135.74,2410471.5,2389990.3,2661327.34,3416324.68
Thread std 34 ,202509.131071658,141340.2884998355,181168.2845148428,164709.7574529642,501870.7492552895,220671.18361567846
Thread 35 ,2549300.44,2372900.16,2420908.76,2406874.5098039214,2568157.88,3422451.3
Thread std 35 ,908595.2140869562,159958.7179792515,191399.1472242918,129152.8813724839,208102.02285168902,241396.5892542851
Thread 36 ,2500699.16,2347087.66,2383900.98,2367643.2156862747,2539195.24,3386588.8
Thread std 36 ,350246.35631354206,157382.199698126,150603.66775386964,136019.70556376214,159702.55980307743,208791.05679445888
Thread 37 ,2470889.2,2342996.46,2368025.8,2376069.28,2541544.16,3422926.68
Thread std 37 ,325693.7512156762,150045.27594576654,137390.116426747,147652.53592935335,152740.42925230358,234170.55855172343
Thread 38 ,2450148.0,2365114.46,2375011.5,2390274.705882353,2583558.74,3378736.1
Thread std 38 ,263577.53596772306,234675.52532320633,165740.30093347968,118408.30741029856,240765.67828194218,189953.31520980064
Thread 39 ,2441643.74,2356413.7,2399762.7,2376410.137254902,2612320.92,3403079.72
Thread std 39 ,293858.70587818284,182309.84956467908,156350.35778468163,135680.28316819208,293234.3433837649,182135.85288661954
Thread 40 ,2465782.82,2387939.74,2401867.92,2373825.82,2543481.8,3425616.5
Thread std 40 ,364003.0055369687,234930.44454813446,142174.6679346219,122607.43709767697,160077.4842300708,225976.98442768594
Thread 41 ,2606395.82,2363196.22,2374048.78,2367262.4901960786,2539696.52,3406283.9
Thread std 41 ,1281653.7882129166,196824.18574446338,150536.95399784937,132572.85694988587,135243.51852457758,218392.66299594223
Thread 42 ,2413139.9,2416305.86,2423040.08,2367844.568627451,2589186.84,3389396.36
Thread std 42 ,210308.1593233353,306437.14375295595,251113.93150535296,122705.59513669371,212556.5373519128,163728.77106158566
Thread 43 ,2401684.82,2402385.24,2408572.02,2365564.156862745,2614152.6,3398455.38
Thread std 43 ,247430.51283861333,256577.81703775487,172685.530354621,120934.56150999559,427678.0280502841,214886.12195773912
Thread 44 ,2365472.92,2407179.02,2392832.44,2362518.2,2577350.3,3415133.88
Thread std 44 ,176707.20012735933,313656.50343039795,181000.68306435097,114188.07059980533,261719.99441179147,205982.53435069765
Thread 45 ,2445872.14,2344553.42,2396217.74,2359785.137254902,2595812.84,3438462.86
Thread std 45 ,286340.7705310701,129416.74368900222,156635.6886812367,111467.74702863955,210746.59555565874,198055.83596778556
Thread 46 ,2437844.22,2364275.68,2400854.36,2370704.431372549,2608736.64,3399781.28
Thread std 46 ,193038.82560973932,170166.245714684,200855.25700727775,124765.24217621748,286429.2386040509,189664.92560162785
Thread 47 ,2402629.58,2373813.74,2408214.52,2385069.8039215687,2573198.38,3405753.6
Thread std 47 ,209249.21587379862,210270.86638495108,245326.85149951046,128179.60608739902,245975.1656307131,203738.15504640827
Thread 48 ,2372119.66,2354515.86,2392481.38,2414301.31372549,2601248.52,3375832.42
Thread std 48 ,219073.55238018552,152931.99923055174,178663.68996261305,159733.32450575117,390272.77721348713,234915.30831049706
Thread 49 ,2423194.28,2400573.12,2390318.1,2371350.117647059,2620917.58,3408798.06
Thread std 49 ,326464.9970249984,359529.0176544546,151055.28130094678,145201.91417300902,333466.5116363897,215671.10872679565
Thread 50 ,2409234.64,2382375.56,2416496.54,2405153.2,2644549.24,3390581.22
Thread std 50 ,254361.2683750771,192696.00981117744,191461.6663154645,148502.13754580592,415184.33965868555,193278.65656561192
Thread 51 ,2432713.26,2369072.96,2407600.86,2385913.431372549,2596891.04,3461741.34
Thread std 51 ,300798.10502387054,162892.40124031296,233170.29354783616,139942.66050797448,380480.42525759776,245263.1595374034
Thread 52 ,2452334.04,2383485.14,2416406.14,2367718.6,2592089.38,3401005.78
Thread std 52 ,295414.4257846455,235079.38212529098,171017.87593198006,169407.50100456664,177908.59290978152,188177.7538192568
Thread 53 ,2407283.06,2388914.06,2393226.94,2353845.82,2612314.82,3440926.76
Thread std 53 ,249294.46099443623,211180.9987907568,165362.79082997466,123310.25157354196,274330.81362997723,208167.3891041318
Thread 54 ,2419464.8,2464467.04,2376115.44,2374597.26,2628287.12,3443128.6
Thread std 54 ,226255.2166859183,330245.35143880086,138737.02830765545,124382.50184612966,385049.41103721707,232527.7979229536
Thread 55 ,2420329.54,2372329.78,2382892.16,2394259.7843137253,2629004.5,3416847.02
Thread std 55 ,249273.27738507048,175651.08669749764,154776.14639838095,174305.95971765436,488039.5230239858,225425.47016773978
Thread 56 ,2443007.96,2378442.1,2378061.98,2384026.34,2554932.64,3368135.08
Thread std 56 ,317350.53580794565,172010.97839966553,177443.5497232496,130616.72838837314,163441.42093238904,195505.42045096282
Thread 57 ,2363825.18,2394233.56,2400552.38,2369843.411764706,2601648.22,3447218.3
Thread std 57 ,219421.4445610379,172520.69297725844,142568.48032463956,113118.27714868652,375154.6194774591,251414.58659566956
Thread 58 ,2424045.52,2396389.72,2374418.2,2391279.1960784313,2611002.62,3386036.66
Thread std 58 ,290433.0266293966,193934.35250336543,151797.46352845777,128816.36487186242,285859.41967072786,250023.14629279298
Thread 59 ,2419143.56,2398214.14,2347301.7,2359649.274509804,2595248.54,3418099.32
Thread std 59 ,233958.82812791265,207847.92773289216,138452.0233658282,108612.16993174906,279815.3403556265,203474.05985123626
Thread 60 ,2348265.14,2379589.58,2383433.0,2374006.0588235296,2595027.44,3477667.9
Thread std 60 ,152889.52822791858,182715.89158794913,150808.08722468218,128444.35008289182,179882.57430631726,278781.89788261114
Thread 61 ,2449159.28,2387132.82,2400339.24,2368604.254901961,2540952.84,3383649.18
Thread std 61 ,378103.3400063543,234590.91307824623,187597.93953859116,123382.79054047093,142840.85349377824,223723.68913367038
Thread 62 ,2401495.38,2407903.86,2372682.8,2356742.04,2567095.82,3379828.1
Thread std 62 ,215739.64055720175,240358.55050982497,151750.6618354932,106940.73457722618,205369.12369738607,196946.97629837182
Thread 63 ,2382305.66,2391566.3,2409484.02,2381678.2156862747,2599978.36,3391266.48
Thread std 63 ,222180.83748683508,186084.53048385822,160533.490061247,115016.47537362875,262562.3629665182,187652.99546261292
